视频 ID,用户 ID,用户昵称,标题,归属类别,图片,发布时间,观看人数,弹幕数,点赞数,投币数,收藏数,分享数,评论数,当前时间
114083441413297,327838817,明灯-专注脑洞一百年,洛洛：怒喷晶晶没技术！直言猛兽族是数值怪！,鬼畜剧场,http://i0.hdslb.com/bfs/archive/b2ecf970a31cc2382df4d2edcc6a618a1b1c38d5.jpg,2025-02-28,4424105,2418,323060,131736,98766,102515,12003,2025-03-03
114084464823369,1449822647,无敌矮枕头,一口气看完，女友把我卖到黑工厂，但是厂长是我姐#猫meme #反转 #合集 #一口气看完系列 已完结,影视整活,http://i0.hdslb.com/bfs/archive/0039c8498ce15b9263b047d04289c121d3eb12ed.jpg,2025-03-01,970717,1871,103453,22117,27872,2893,2575,2025-03-03
114086645859289,51450825,第一庞统老白,我出车祸了,搞笑,http://i1.hdslb.com/bfs/archive/d7f1943d337a02077108e399e115ab02a085e357.jpg,2025-03-01,1643545,7322,365215,222389,38079,13899,11331,2025-03-03
114085404347383,98627270,哔哩哔哩国创,【独家】牧神记 第二十集 不夜城 【10月国创】,国产动画,http://i2.hdslb.com/bfs/archive/68c6dec6e5e7ee32809f2ff7c20014f7df86f461.jpg,2025-03-02,2714993,10420,27293,22281,3614,472,1951,2025-03-03
114095168754361,31009079,萧然Q,【选帝侯广场400杀】摆完挂机 简单好抄,手机游戏,http://i2.hdslb.com/bfs/archive/7e46d256985372abab48ebef79ced162f49bcb86.jpg,2025-03-02,360926,319,16321,8705,3685,533,1303,2025-03-03
114092786319767,346563107,波士顿圆脸,金句频出 爆点连连 白宫大战 全面回看,环球,http://i2.hdslb.com/bfs/archive/e389da5b65ef273137a53ae3c1bcef0d16225efa.jpg,2025-03-02,1120688,18392,84756,24108,14128,5423,5974,2025-03-03
114092249448923,2678945,亮亮也是酿酿,聪明，然而讨好型猫格,喵星人,http://i1.hdslb.com/bfs/archive/dea8f7d347215defcc1dacb55c5354660ad5c188.jpg,2025-03-02,598427,1730,106949,39645,13196,8042,2905,2025-03-03
114085454680260,288387457,小小段砸,穷人家长大的小孩，总有种“想赢”的执念,搞笑,http://i1.hdslb.com/bfs/archive/866c356dcb985edfa9bc72429b183c1dafa2a6f3.jpg,2025-03-01,933962,1469,70186,16017,11660,3143,2527,2025-03-03
114081260444157,546189,小Q不是导盲犬,美式掉头：弃欧投俄把酒言欢，乌克兰决议票型魔幻,社科·法律·心理,http://i0.hdslb.com/bfs/archive/80d54fcae89e02ada31be2bb7e343c9a530b1e6d.jpg,2025-03-01,3843067,38310,172510,49861,44828,15324,5802,2025-03-03
114090487845560,520819684,小Lin说,全球最有钱的政府们是怎么投资的？,财经商业,http://i1.hdslb.com/bfs/archive/6df68ef2e9c94201124d7f7fa5b98736098c7685.jpg,2025-03-02,996296,2054,59615,13954,15880,1566,1417,2025-03-03
114087434454472,519253600,火柴人AlanBecker,火柴人 VS 编程（Coding),综合,http://i0.hdslb.com/bfs/archive/61a2ed089e14e9045e7b9047b0810b1749924e5e.jpg,2025-03-01,1755178,32607,190166,103500,108195,25899,8304,2025-03-03
114081260372974,680677803,王小七Fire,微信接入deepseek，实测后我失眠到凌晨5点！,软件应用,http://i0.hdslb.com/bfs/archive/ddedaa268b68d9bd6341268feb12247d0f772cd6.jpg,2025-02-28,1479453,1094,57793,4572,25324,3636,2471,2025-03-03
114092266229328,373388923,脱缰凯Kk,做好事就留名！,小剧场,http://i0.hdslb.com/bfs/archive/2b1dde228cf6aa16d268d20e01264162297f0fc8.jpg,2025-03-02,981141,2193,93763,5303,7162,802,1043,2025-03-03
114091712580730,13663620,一枪超人CSGO,【超人杯第二季】肌肉派VS学院派，新老之战！,电子竞技,http://i1.hdslb.com/bfs/archive/043c5fae76bfa1cbf5017349ab8e4723a5eb2213.jpg,2025-03-02,638017,11585,65440,43676,16499,4670,5344,2025-03-03
114080622840472,1072317049,宝剑嫂的小世界,pk！把对方打扮成自己心里最好看的样子！结果…,穿搭,http://i0.hdslb.com/bfs/archive/df7acb6fc2b62ca4fa4ed562adfa0c2d784866b7.jpg,2025-03-02,1140621,1663,23118,2985,2729,574,383,2025-03-03
114094212389807,203680252,AYCS2,CNCS掀翻世界第四！天禄2-0逆转强敌永恒之火！这是2018Tyloo回归了吗？,电子竞技,http://i1.hdslb.com/bfs/archive/fc6bb54da172160314f554ea58e1ec90ae5ce48b.jpg,2025-03-02,268295,2258,15363,3493,1855,2279,1679,2025-03-03
114080438289823,145750219,电影冷知识,斥巨资搭建布景的土豪剧组！还没开机呢预算一半就干进去了！,影视杂谈,http://i1.hdslb.com/bfs/archive/38092f555a20b580572423468eee3da599176d1e.jpg,2025-02-28,1820552,662,94529,865,5716,203,490,2025-03-03
114087937707543,330415548,谭乔,谭乔寻人记：大奔豪车今犹在，不见当年谭警官,日常,http://i2.hdslb.com/bfs/archive/355e24ccbfa9b266edcb83a5546ecdde7d07d398.jpg,2025-03-02,801466,2367,46444,14477,4597,2468,2756,2025-03-03
114093323198149,3546392037427376,CSGO赛事Jun,中国天禄掀翻世界第四土耳其队 再创奇迹 距离正赛只差一步,电子竞技,http://i1.hdslb.com/bfs/archive/53bfac99180ffb5988432a1b3b14793f0389c623.jpg,2025-03-02,356034,413,10580,1313,1022,1943,1648,2025-03-03
114088625703710,267766441,血狼破军,【明日方舟】六星强度个人合约向排行榜#2,手机游戏,http://i2.hdslb.com/bfs/archive/0346853ab10da70e3348143fdb003778e9f88889.jpg,2025-03-02,744442,71900,77015,53176,18610,25209,18804,2025-03-03
114084146060809,456664753,央视新闻,特朗普与泽连斯基会面爆发激烈争吵,热点,http://i1.hdslb.com/bfs/archive/d7936c138ff26375856f3f71732a75afcc5ebfdc.jpg,2025-02-28,4925984,16961,351358,32933,74617,98169,11730,2025-03-03
114086914300613,927587,木鱼水心,最伟大的动画导演！宫崎骏作品全解读！【电影史话08（上）】,影视杂谈,http://i0.hdslb.com/bfs/archive/413bab66de985dcea78fa525bb491b61b968b16e.jpg,2025-03-01,918367,5649,124616,83747,46746,7025,4186,2025-03-03
114092215894520,730732,瓶子君152,赞美空我！真正的神作无惧时间检验！《假面骑士空我》观后感漫谈【第九放映室】,特摄,http://i0.hdslb.com/bfs/archive/90fe416220f72aca7821ebeee6c9081530e073f9.jpg,2025-03-02,543005,1439,50439,23702,14145,3527,4766,2025-03-03
114063610744755,441719203,WOTE逃离地球乐队,《Please Don't Go》响起，纵享丝滑，嗨翻全场,原创音乐,http://i1.hdslb.com/bfs/archive/906d06bb17a7499f54ab20f453a777d1959995e2.jpg,2025-02-25,1757839,3427,122842,1685,18631,648,608,2025-03-03
114085890890676,39180492,蒸気火鸡,见证历史：长江存储授权三星使用专利,数码,http://i1.hdslb.com/bfs/archive/bdd7b70a98c04db29a9fc397990c787839308ab0.jpg,2025-03-02,387775,533,23018,3142,2503,5200,3277,2025-03-03
114086713036974,11146869,黑猫星球,泽连斯基连午饭都没吃上，就被赶出白宫，他和特朗普是咋吵起来的？,科工机械,http://i1.hdslb.com/bfs/archive/c6dd1429550aac416a60dda6affb26e795309032.jpg,2025-03-01,1183894,6289,21855,1462,6293,4018,3395,2025-03-03
114093289707778,547072854,中气爱,狂风暴雨来了：寒潮南下特大暴雪13级狂风袭北方，南方多省30度将暂停需警惕强对流,科学科普,http://i2.hdslb.com/bfs/archive/b70e99a813d2703803c426c1b9eca92b440eb491.jpg,2025-03-02,463351,1831,29300,2443,1568,4994,3135,2025-03-03
114085706341160,3213386,不负騒话,鹤童：打不过哪吒怎么不找找你自己的问题,搞笑,http://i0.hdslb.com/bfs/archive/6d68d82cece93aadc6e32ad32f8050ee9788a695.jpg,2025-03-01,1776411,1212,86177,12561,40420,11364,1489,2025-03-03
114090705944829,405370021,尴尬的铁根er,15年前的游戏【洛克王国】，现在进化成什么样了,网络游戏,http://i0.hdslb.com/bfs/archive/9435c89df9f498ee00d9ff0e7be859381ae1f187.jpg,2025-03-02,990166,1126,44102,2901,3214,1002,2495,2025-03-03
114090840165120,300159010,印度胖亚瑟,求求你们别拉了——印度大壶节粪大肠菌群超标 以及一些其他事故,日常,http://i0.hdslb.com/bfs/archive/b2e74c59fff2bc663909ddc5989f49f1a7048ad5.jpg,2025-03-02,473257,2039,26182,1333,2516,1031,1108,2025-03-03
114079582783758,1249954025,十一的看脸日记,内娱do的最多的女星,美妆护肤,http://i1.hdslb.com/bfs/archive/881f40c4b2f7522b535eaf219e95bf321a412e96.jpg,2025-03-01,1452456,4757,83172,9271,12933,8706,7226,2025-03-03
114092064967789,59905809,哦呼w,⚡️ M V P 唱 法 ⚡️,鬼畜调教,http://i1.hdslb.com/bfs/archive/b932c6d87fb26a55b420370b21a0f2e0c79ab5c5.jpg,2025-03-02,540711,414,46919,9422,8222,4300,1276,2025-03-03
114076176942716,28581946,理论派甜点师小鱼,【直播切片】如何看待面包不加一滴水,搞笑,http://i2.hdslb.com/bfs/archive/b5c364679c5c62d57656872c62cca8093ae2b3c9.jpg,2025-03-02,887997,565,28005,549,4187,432,1202,2025-03-03
114091679026217,7349,STN工作室,【STN快报第八季03】研究表明年轻游戏玩家多半性冷淡,单机游戏,http://i0.hdslb.com/bfs/archive/789c50645c31e6d03558bf556ffbb698b3bc0b91.jpg,2025-03-02,589228,7193,44758,20440,8613,1611,1379,2025-03-03
114090907275013,1584161510,是柚子姐姐啦,我的未来，比这一纸红书更加辽阔。从大专一路绿灯自考本科再到研究生，我的努力没有白费，算是完成了自己小小的心愿。#自考本科 #考研查分 #考研上岸 #专科生#逆袭,校园学习,http://i0.hdslb.com/bfs/archive/a321a4a03f84d12ad73ebb9dd60bdd31c3ff479f.jpg,2025-03-02,222351,446,8709,636,1431,288,1141,2025-03-03
114092165634753,649661652,胖龙的小生活,胖龙要在周口开店了，胖龙大排档！正在找门面房,美食记录,http://i0.hdslb.com/bfs/archive/2bdddb80a4a262032da394d7d2be74e4f9bc6db6.jpg,2025-03-02,646382,833,21432,3422,1198,730,2024,2025-03-03
114095286129237,581695,自在道爷,【明日方舟】选帝侯广场挂机流，新剿灭摆完就过！语音快乐详解，轻松解放双手 | 剿灭委托400杀,手机游戏,http://i1.hdslb.com/bfs/archive/d38c59f0b3527eddb2a1b4d4ace9b181e38a2d8b.jpg,2025-03-02,132807,224,5365,2732,942,152,249,2025-03-03
114085521857025,297882491,BBoxer酋长,嗵！！！！嗵！！！！,演奏,http://i1.hdslb.com/bfs/archive/9be3b0a3a2b7ce4bc41c36b9e87f43a5509e987c.jpg,2025-03-01,1191843,1206,121461,33321,25945,4143,2161,2025-03-03
114090554952694,6739643,话很多的小姐姐们,《难哄》是你的名，难看是你的命！,影视杂谈,http://i0.hdslb.com/bfs/archive/308404d4880b78f912e390c279a93cc154149bed.jpg,2025-03-02,658843,8124,29404,5832,2541,3515,2839,2025-03-03
114085135977677,639923249,大瑶同学remix,老姨的“老师”历险记,搞笑,http://i2.hdslb.com/bfs/archive/a0401a25d3bf7ef9383121bd906284ac6d32cd3c.jpg,2025-03-01,987406,249,95255,2266,2174,418,1174,2025-03-03
114086444534971,703186600,麻薯波比呀,大闹白宫独战二王，泽连斯基偏要勉强？,社科·法律·心理,http://i2.hdslb.com/bfs/archive/5db2631cee9b9d1dcdd6e1359c4e0582f2534b6d.jpg,2025-03-01,2266801,15961,131716,28212,17242,8109,7192,2025-03-03
114085874113985,212345699,星辰趣味屋,上有金融游戏，下有投机倒把，日本大米咋就暴涨到比肉还贵了？,人文历史,http://i0.hdslb.com/bfs/archive/969232737f7fcedd9722b398bcb984ba82a43740.jpg,2025-03-02,576078,5036,34633,8867,5139,936,2996,2025-03-03
114083676292513,7380321,徐德智在联合国,【足本中字】特朗普 泽连斯基白宫吵架大会,环球,http://i2.hdslb.com/bfs/archive/23647821359f21332aacddb35e242452353f7d74.jpg,2025-02-28,2814019,18605,98802,23248,54214,60552,12136,2025-03-03
114081428214333,3493279194679455,牙牙的包裹,六眼吗，我写轮眼,综合,http://i1.hdslb.com/bfs/archive/f5adad90ca3b895000398df8bd0a681b1d2c2f2d.jpg,2025-02-28,2656771,3021,218305,68889,83692,17235,8232,2025-03-03
114087065358874,281284373,文武俩兄弟,粤之苟饮,日常,http://i1.hdslb.com/bfs/archive/a03d6d3a247d468aa93b60d718d9a4dffc143ced.jpg,2025-03-01,1091753,8188,163511,34172,8685,4305,2803,2025-03-03
114084280278199,1780480185,飓多多StormCrew,100人公司上演真人三国杀？胜者瓜分11万元！影视飓风破产团建10.0,搞笑,http://i0.hdslb.com/bfs/archive/3474b8044e8ce4dad264d1dd0b574bec0dded844.jpg,2025-03-01,1404941,3913,84905,36041,42959,14544,2326,2025-03-03
114078626350762,390527713,史蒂猪StevenPig,【98分钟/MC大电影】超平坦+惊变100天末世生存,单机游戏,http://i2.hdslb.com/bfs/archive/1f7f4c14ba8186007f8b1d74259cbf5f7d532537.jpg,2025-02-28,1955265,5712,163167,33336,80203,3715,1702,2025-03-03
114086964631834,19584552,CCheny6,因角色在外网热议，解限机被央媒点名,单机游戏,http://i2.hdslb.com/bfs/archive/61a0c0e87836849d1978a63d6b089e0cec63e40a.jpg,2025-03-01,965126,3322,18659,4893,13673,2003,2649,2025-03-03
114086494866395,3546800847850031,可爱迷人的反派角色们,晶晶：输洛洛怎么不找找自己问题,鬼畜剧场,http://i0.hdslb.com/bfs/archive/aeb68e5bc91dd777b90c28fd6326299b9277e9d3.jpg,2025-03-01,1293197,584,40169,5176,9234,14284,3902,2025-03-03
114092366961751,54091976,拾镹i,要不我们还是跑吧，我怕他咬狗,搞笑,http://i2.hdslb.com/bfs/archive/31175f458ed2326c8ffb885ed8461e38d6c97aca.jpg,2025-03-02,528619,127,39406,1148,4884,1949,569,2025-03-03
114084934588882,546195,老番茄,史上最骚超级英雄【老番茄】,单机游戏,http://i2.hdslb.com/bfs/archive/2fd72c3f23ac1283e05f291cbfb298e0b8c44ff0.jpg,2025-03-01,2377651,4767,152022,41038,50231,2345,1649,2025-03-03
114082451560973,644255470,杰克小兔,连续7年被评为世界最宜居城市！墨尔本真的是全球最好吗？,出行,http://i2.hdslb.com/bfs/archive/2d81f35b0c61b97bedd52cd89ee507a6e367050b.jpg,2025-03-01,1255837,6132,41455,17685,10469,3520,2329,2025-03-03
114085689560873,2064569539,考研英语大雁,晓艳老师回应b站鬼畜视频——剪得很好，下次记得美颜！,校园学习,http://i1.hdslb.com/bfs/archive/39f11ee95e5da93ac8e9abb7a28bb161071e76f9.jpg,2025-03-01,1262936,1349,189464,5008,17263,6506,1983,2025-03-03
114074247499332,2077733317,烛不遥,😅我嘞个广西龙王敖闰😅美女姑姑变精神小妹,配音,http://i1.hdslb.com/bfs/archive/49a9e7baede4a38837e6115f85e87cc477099745.jpg,2025-02-27,6177797,1399,252063,17097,107405,26614,4507,2025-03-03
114086595534051,32362489,BoyJump老登,为什么雷军要做一把移液枪？,科学科普,http://i0.hdslb.com/bfs/archive/4158eae31ee86c0bac68da17d5ea0a081dc2214a.jpg,2025-03-01,429861,1701,20037,8857,5177,2307,2584,2025-03-03
114085488237823,1955897084,鸣潮,《鸣潮》共鸣者战斗演示 | 布兰特,手机游戏,http://i2.hdslb.com/bfs/archive/1040fb54c2b188ad7bb5ed84a10041c7151311da.jpg,2025-03-02,1017253,1373,41069,9549,4373,3949,5175,2025-03-03
114086008324427,3546558119283625,老芒果OL,一张卡几万块？史上最贵抽奖，新手氪金玩三国杀大受震撼,网络游戏,http://i2.hdslb.com/bfs/archive/70ffc6c251bea5bb2d7370b1d336fa87203511f1.jpg,2025-03-01,1057541,4922,80435,55879,9478,10813,5928,2025-03-03
114081377881936,1879171132,龙殿川,《使命召唤》联动《我的世界》暮色森林！组合包特殊检视【自制动画】,网络游戏,http://i1.hdslb.com/bfs/archive/0be470aedb47eaba7930818a9a40c8758e7c3085.jpg,2025-02-28,1073648,334,59873,4829,18026,7044,953,2025-03-03
114090236189309,618148089,在下小菌,关于兄弟退伍后，收到的第一份礼不是花束而是滑铲这件事#退伍接风,日常,http://i1.hdslb.com/bfs/archive/98e8039da0b1f7b7d129b893a6b76ff056a3ac1e.jpg,2025-03-02,385750,131,82567,615,7455,2203,580,2025-03-03
114092249452429,18202105,绵羊料理,陨石+岩浆炸鸡？请专业up主试吃，结果...,美食制作,http://i0.hdslb.com/bfs/archive/8510e71f6ce50e4418c77f356624831e881990ea.jpg,2025-03-02,374354,1703,42023,11631,4470,615,626,2025-03-03
114091964236274,3546657239075200,登陆少年组合,【登陆少年】 《TOP ARE DANGEROUS之异次元大作战》 EP2:“过把导演瘾（守护TOP物料！）”,明星综合,http://i2.hdslb.com/bfs/archive/e3acdecd5c3ff40d9c544a5c8c3b0e6c756cd2d1.jpg,2025-03-02,476858,151868,20463,5935,6603,1279,3258,2025-03-03
114090504618079,94709124,小海Xhai,我从没觉得做薯片开心过,综合,http://i1.hdslb.com/bfs/archive/c28a1aa65b32b94ef980059d733427b42595eac6.jpg,2025-03-02,253794,241,31297,4466,8552,19047,1284,2025-03-03
114086427761084,14229967,一数,【导数必学】求导后无从下手？三个思路轻松搞定！,校园学习,http://i0.hdslb.com/bfs/archive/0f12ff518976c3e6fc284a696353383e553e8542.jpg,2025-03-01,761915,2334,77681,7881,30226,2620,1136,2025-03-03
114081159710015,108331200,_张天琪,很感谢大家来捧场，下一站你们说去哪里？,搞笑,http://i2.hdslb.com/bfs/archive/8e8c2700d053a860c23e8e9e6db1c9f309229dce.jpg,2025-02-28,2641921,1836,141255,83923,38455,668,3298,2025-03-03
114080589284285,10119428,小片片说大片,一具尸体，出现在四个时空？四名警探跨时空联手追凶！悬疑科幻英剧《尸体》上,影视杂谈,http://i1.hdslb.com/bfs/archive/3d299ace9ece32fd8bcac1ce47d1a33beaf4290d.jpg,2025-03-01,1093595,2913,63635,17903,37592,1466,906,2025-03-03
114093323197799,268941858,磊哥游戏,我们队的牢玩家是梦琪，这玩意可不常见啊,手机游戏,http://i1.hdslb.com/bfs/archive/617398738db77188e19aebc1b595189a151aad01.jpg,2025-03-02,320548,686,29830,906,885,309,1714,2025-03-03
114076260763932,1590705,良心发作的chunchun,老师：提高一下班上的及格率（上膛,搞笑,http://i2.hdslb.com/bfs/archive/03756317554be46207f39ee583504374c1b8ae14.jpg,2025-02-28,2120981,1280,199397,26302,31601,5526,1591,2025-03-03
114086612435857,229733301,音乐私藏馆,【4K60FPS】方大同《爱爱爱》《三人游》神级现场！真的很遗憾,音乐现场,http://i0.hdslb.com/bfs/archive/b3b68ada47f8dbb8d79b6fc463af72efd9837314.jpg,2025-03-01,1001714,21707,70041,16832,18854,5399,3182,2025-03-03
114080606064458,3546613798668421,棱镜史话,从对抗到妥协，美俄交易敲响的不仅是乌克兰的丧钟，还有整个时代,人文历史,http://i0.hdslb.com/bfs/archive/cfdb01419ec1ca8b142c63c0a51c6cf0eba49512.jpg,2025-03-01,914733,3462,35117,7676,8724,1618,2879,2025-03-03
114086243212528,29382783,爱狂三的星总,“B站之神张开嘴，让你们知道鬼畜地位”,人力VOCALOID,http://i0.hdslb.com/bfs/archive/2eac44d975bf1c3ea8fb29f4b789604ee2af72ab.jpg,2025-03-01,373720,1494,86882,20442,17825,1666,3347,2025-03-03
114069767983977,16469390,肉团夫斯基,5套早春无性别摩登穿搭，上班上课都帅得没边！,穿搭,http://i1.hdslb.com/bfs/archive/c1b7658dcee04796eb52a2c7671f866f013b81a2.jpg,2025-02-26,782776,215,10853,669,6415,560,300,2025-03-03
114080220185010,1993798919,小花妈旅游指南,面纱圣女诞生于19世纪意大利的米兰，使用一块完整的高品质的纯白大理石制作而成，圣母玛利亚被面纱覆盖，面纱轻盈的质感与逼真的效果，能够在一瞬间给予我们心灵上的冲击,人文历史,http://i1.hdslb.com/bfs/archive/3cd5275546b7b1b3cba0aaa64b473a14a805bfe8.jpg,2025-02-28,1049534,718,67960,1737,12517,1968,3134,2025-03-03
114086260052628,1442240558,饭爷看世界,梦想---当豹枕  ||  现实----卖外挂,动物二创,http://i2.hdslb.com/bfs/archive/d9e98a1d0c1275d9c152d1f2567d64c5d3c173b6.jpg,2025-03-01,2493045,279,24265,541,14556,72,157,2025-03-03
114080153146913,349717298,嘤武罗,如何在家制造跳跳糖,美食制作,http://i1.hdslb.com/bfs/archive/bcbe7c61e9b511efd516db911ee74098a15fb2ff.jpg,2025-02-28,2464210,5923,191193,147261,56537,2860,2436,2025-03-03
114076579531127,3493260618106936,伤心欲茄222,《请苍天辨忠奸》,搞笑,http://i0.hdslb.com/bfs/archive/9ec609a6663d6ce90a506254669ed67cf2f5227d.jpg,2025-03-01,2037314,686,236200,4100,10171,3948,2141,2025-03-03
114094531152715,19549149,林麓森山,日本气晕，韩国震怒！我做的STEAM独立游戏，发售一个月成这样了？,单机游戏,http://i2.hdslb.com/bfs/archive/7926648ce8e3dfd67d8aa6acfbfd39d8ab9d7c98.jpg,2025-03-02,75756,487,3815,1064,1643,301,345,2025-03-03
114081109384889,504934876,渤海小吏,深度|| 火炼真金，老君系对悟空人生的二次升级,人文历史,http://i0.hdslb.com/bfs/archive/b07d7c6e8b775b61f7870cca695b21f7e630749d.jpg,2025-03-01,773954,7840,86194,114931,24903,1754,2812,2025-03-03
114087853890650,500031080,TheS艾斯,十日谈｜催婚催生的人，不会告诉你的大实话！,科学科普,http://i2.hdslb.com/bfs/archive/fc575b01a2af187cc9245d3ef44ceda3ec692d4e.jpg,2025-03-02,260763,763,10258,3601,6681,3395,1072,2025-03-03
114082250231637,7275647,碧天蓝钻,我自己剪的时候都没绷住,人力VOCALOID,http://i2.hdslb.com/bfs/archive/537fe0f7142fff2924663494fe0a09508446a819.jpg,2025-03-01,718236,312,79148,19726,23927,17407,1635,2025-03-03
114086595528191,181030219,肚脐丶次元梦,【敌我忍者】虽迟但到 2025火影启动!,手机游戏,http://i0.hdslb.com/bfs/archive/1b19786929dd989ec5e8353fd1d9ec759027d074.jpg,2025-03-01,554063,1126,40140,19453,12693,2576,944,2025-03-03
114090320070019,1027737427,MrBeast官方账号,【MrBeast官方】100人在100个圈里谁会挑战获胜？,日常,http://i2.hdslb.com/bfs/archive/a1868905054c630ad2267a74d34135f72bb5b2ea.jpg,2025-03-02,458999,3584,20166,3278,6944,472,904,2025-03-03
114080320854490,3546857259141492,哈皮父子官方,《哈皮父子与水金刚》 第1集  超市城大灾难,综合,http://i1.hdslb.com/bfs/archive/04bd33422ea50e0915c37a03f6b554cc95eaba5d.jpg,2025-02-28,321323,770,40499,7914,7966,4813,3501,2025-03-03
114091108604516,2119811581,峡谷混学家,当我连续两把排到同一个诺手,电子竞技,http://i2.hdslb.com/bfs/archive/bbafd564661a9f24f187b0ee2bf1812813afff0f.jpg,2025-03-02,370491,674,28150,3953,1109,192,384,2025-03-03
114091477699588,2233213,星话大白,泽连斯基在白宫吵架，和特朗普以及万斯吵起来了，过于草台班子,财经商业,http://i2.hdslb.com/bfs/archive/a80193baffbd34a3abb0e24ab02d2593048641e9.jpg,2025-03-02,346928,1325,11360,1747,2158,591,1511,2025-03-03
114086092283478,14229967,一数,向量的线性运算，方法大梳理！,校园学习,http://i2.hdslb.com/bfs/archive/589302c8ef38d4dee1fd267df94fd37047c11071.jpg,2025-03-01,745610,1600,94003,4792,27189,2410,922,2025-03-03
114074968921622,3493271389079663,化妆师梓睿,化妆的尽头还得是看不出画了妆｜中式骨相老钱妆。,美妆护肤,http://i2.hdslb.com/bfs/archive/d21131d0ee70a1e7557ff7567db768ff0fa8ddb4.jpg,2025-02-27,698545,221,23819,1235,16661,1021,327,2025-03-03
114087098849617,3462389,川烈,我没有道德，别想着绑架我！,日常,http://i1.hdslb.com/bfs/archive/bb35456560ad863da6f4837bc2ab6663648d8985.jpg,2025-03-01,383764,2966,56858,13227,3591,859,4816,2025-03-03
114093574855098,456664753,央视新闻,【世界周刊】俄乌冲突三年：和平有多远？,环球,http://i2.hdslb.com/bfs/archive/176a6649bb1910684eaeca0d19ce39155c80383e.jpg,2025-03-02,147004,1561,12483,2002,3643,628,959,2025-03-03
114084229945758,438173577,卢克文工作室,美俄欧意图瓜分乌克兰，泽连斯基要还5000亿美元？,热点,http://i1.hdslb.com/bfs/archive/f7197018b55f0921a197aa82e3a2dd13a7d3bc7e.jpg,2025-03-01,308103,849,10984,1344,1639,378,1043,2025-03-03
114084984914228,1131457022,人民日报,不要飙车！新疆网友请放心，“馕言文”交警传到我们这了,汽车知识科普,http://i2.hdslb.com/bfs/archive/3c3ddf93d11d2e9bfbd71ef5f94ba82d798f5b3e.jpg,2025-03-01,862161,477,96166,1501,3265,3187,2146,2025-03-03
114081075824245,1042277203,星雨Starrain,“往往实力相当的人才能斗法”,单机游戏,http://i1.hdslb.com/bfs/archive/809662ccdeb808c8e5e79d86706518c6acb4b62e.jpg,2025-02-28,1808067,569,67035,11438,15333,710,950,2025-03-03
114074264278132,23947287,小约翰可汗,117岁的贝当为啥有一劫？【神奇组织27】,人文历史,http://i1.hdslb.com/bfs/archive/70769fcd08230555386f2c7aa02c990aaa9c7cb1.jpg,2025-02-28,2624115,17824,183619,91208,38031,4547,5677,2025-03-03
114071596765943,1995808392,吴拽拽47,模仿某些离谱的带货视频,搞笑,http://i0.hdslb.com/bfs/archive/c10ad633674b770113761bbe6861969674d0e50a.jpg,2025-02-27,3189579,640,94836,763,6872,5525,1492,2025-03-03
114075472239054,1140672573,小王Albert,特朗普加速调停俄乌，两个时间穷鬼的豪赌,人文历史,http://i1.hdslb.com/bfs/archive/f25bf6c0c52fc307185e21bd6b782b6ee96c59e2.jpg,2025-02-27,2349178,15678,145116,79385,27966,8277,3406,2025-03-03
113745665790828,14583962,思维实验室,新科技支持率中西方社会对比【思维实验室】,人文历史,http://i0.hdslb.com/bfs/archive/e1919c7497a3b9fb6add03ac7529ae81c3890ea8.jpg,2025-02-28,1186289,5207,64578,27623,14180,1736,7307,2025-03-03
114074968916061,59905809,哦呼w,⚡️ 莎 士 比 亚 ⚡️,鬼畜调教,http://i0.hdslb.com/bfs/archive/04308c5f9efbf02478fc71e04cc1bc2b02969300.jpg,2025-02-27,2121259,1158,199203,65172,45197,24939,3628,2025-03-03
114056849527748,111578972,前前前世的陌生人,背着尸体，徒步半个中国！从未被超越的公路电影《落叶归根》,影视剪辑,http://i1.hdslb.com/bfs/archive/8ab5ba0c18511627fe09f9f48d1b405cacde6191.jpg,2025-02-24,6564862,12694,434674,61175,132508,6605,4310,2025-03-03
114087501500103,3546711395928221,打石头的石大聪明,做一把最近爆火的失落匕首 喜欢就支持一下～臭宝,仿妆cos,http://i1.hdslb.com/bfs/archive/7c0f6e51d7895c70778eb50c7d6f4c370a146d87.jpg,2025-03-01,500499,532,69477,3184,3488,252,535,2025-03-03
114080790616006,178029850,杜海皇,我扇了老板一巴掌…,搞笑,http://i2.hdslb.com/bfs/archive/e31a7234684eeeb89db3b936902571c8a43fe17e.jpg,2025-02-28,2257398,11288,203083,62861,52632,4567,3952,2025-03-03
114092450781689,27218150,刘哔电影,最新科幻神剧，大韩民国自己造个国际空间站，在太空上面研究造人《问问星星吧》,影视杂谈,http://i2.hdslb.com/bfs/archive/4d7612f2f70829439e31f529b013f47f86368060.jpg,2025-03-02,180088,3517,8627,1318,1207,1114,957,2025-03-03
114091226110573,13817466,菠萝柚王子,【十字军之王3】江山北望 第五期【完结】,单机游戏,http://i2.hdslb.com/bfs/archive/2da9bed640753990372f6446c68a32b09625d455.jpg,2025-03-02,221018,3206,25654,25959,5875,452,1029,2025-03-03
114080773833025,5859321,Xz乔希,大变神人,综合,http://i0.hdslb.com/bfs/archive/975bc382192a563c2249d3ea7c66ce7f2201ed77.jpg,2025-02-28,999608,1592,65048,3755,22991,26301,4466,2025-03-03
114063040447248,14505615,漂泊Poker,果然电影还是拍的太保守了！,野生技能协会,http://i2.hdslb.com/bfs/archive/3d3d43a8cbde98ab99de1d76e27e57cbe7923645.jpg,2025-02-25,2453740,2242,139488,14493,27308,7706,2431,2025-03-03
114082082587102,97213827,潜艇伟伟迷,新植物：杀虫剂大喷菇,单机游戏,http://i2.hdslb.com/bfs/archive/f221e7ed127a8d92c54d390c011b6673c436f069.jpg,2025-03-01,708089,488,22041,987,1905,380,1389,2025-03-03
114086494870786,24945495,江昊HHAOOO,当你以为抓住了节奏｜aespa《Whiplash》音乐解析,乐评盘点,http://i1.hdslb.com/bfs/archive/236ad58f2b6a3cd37e31546454700156c9b52cee.jpg,2025-03-01,258415,545,23271,15122,9319,1764,455,2025-03-03
114086561972540,1080387403,燃烧的显卡菌,Bin哥剑魔操作集锦，千万别艾特Bin哥来看！,电子竞技,http://i2.hdslb.com/bfs/archive/7df83a39d7205ccafe061d51a5c881ba6802a1ea.jpg,2025-03-01,667426,400,27205,858,1443,4126,1752,2025-03-03
114081562369474,384414474,偷鹌鹑蛋喂鹌鹑,一口气看完【哪吒2】,同人·手书,http://i1.hdslb.com/bfs/archive/fb98e96455b05215739ea34bfeac8929c592d3d0.jpg,2025-02-28,807838,3382,52889,8379,17647,5801,803,2025-03-03
114093356748989,435931665,军武志,虽贴脸输出但难改卖国底色，泽连斯基真是太让人失望了,人文历史,http://i1.hdslb.com/bfs/archive/7c98e5c171763125d717de95a1ce529ee10112a9.jpg,2025-03-02,148709,736,10005,1520,1933,249,937,2025-03-03
114071328265780,3493263094844195,不哟biu,锐评韩国男团颜值（追星别进）,颜值安利,http://i2.hdslb.com/bfs/archive/8d2e886019878dd3986f23266fe1f12a92a8d096.jpg,2025-02-28,1327021,6796,109260,4061,9356,10570,4325,2025-03-03
114086310317813,470962000,落九川,满 级 大 学 生,搞笑,http://i1.hdslb.com/bfs/archive/d7f0ced80a70a721c3dedb4aebbdfa7a1dedf6c5.jpg,2025-03-01,420468,421,16351,1245,1545,233,604,2025-03-03
114087551835212,523085457,不更新A,强迫症福利，极其舒适的菜园子~来开垦向日葵平原上的菜地吧  | 美食生存【我的世界】,单机游戏,http://i1.hdslb.com/bfs/archive/a88667ea2cca3ad21189928b54d3b16d0c556f74.jpg,2025-03-02,157248,1145,28094,15777,5045,533,1148,2025-03-03
114075170309607,2043278019,万能大饼,女邻居总是叫我修东西,搞笑,http://i1.hdslb.com/bfs/archive/e7dacc65d16d61ec5d12746da877ca0352104104.jpg,2025-02-28,1497075,913,111673,5832,11126,4982,2014,2025-03-03
114086159326090,676200579,以闪亮之名,全新二周年版本｜焰蔷圣颂PV曝光，夜色如墨，险象秘藏。,手机游戏,http://i2.hdslb.com/bfs/archive/d761448aff8dbb77133a8ec34c6aaaa64363cb6a.jpg,2025-03-01,853255,1367,21747,18732,10238,11221,2708,2025-03-03
114087702824425,1403348909,小七街头音乐,陶喆今晚唱了 《爱爱爱》悼念方大同！,音乐综合,http://i0.hdslb.com/bfs/archive/be8634a6294b10f68182a476b8784cc03f6ea451.jpg,2025-03-01,573678,596,38105,2127,6316,7340,1117,2025-03-03
114085119133055,239060440,冲男阿凉,“大学谈恋爱，对方父母不同意？”,网络游戏,http://i2.hdslb.com/bfs/archive/47e0ec02d5ca2dad59cdadae6f0581d125cd89a3.jpg,2025-03-02,378875,511,25421,1152,1884,572,642,2025-03-03
114056799256835,132344841,去码头整点薯条vv,☝🤓狗 & 熊⚡⚡⚡,鬼畜调教,http://i2.hdslb.com/bfs/archive/621981ca60ebc6b32522645226ec142872d129c1.jpg,2025-02-24,5288997,1040,244102,12068,31327,10639,1887,2025-03-03
114092954098133,386869863,培根悖论唠唠嗑,痛啊！太痛了！距离谜底一门之隔《人生切割术》第二季P6+P7,影视杂谈,http://i1.hdslb.com/bfs/archive/133a31aa32638d46dabd30904f2717d60992f454.jpg,2025-03-02,232651,1035,9190,3071,2837,363,552,2025-03-03
114092534733953,316568752,马督工,【睡前消息870】电车保险贵 中医AI强,社科·法律·心理,http://i1.hdslb.com/bfs/archive/4846f1174378ec7f4671387cefef868bd458c99d.jpg,2025-03-02,218659,1142,12843,4751,2779,727,860,2025-03-03
114085186248077,404216060,幾加乘,在变了在变了！不要催啦！,同人·手书,http://i0.hdslb.com/bfs/archive/a0a40ef31b1bfc807d36bbf286e28cfde77596d7.jpg,2025-03-01,748299,836,53199,7718,4950,2231,1313,2025-03-03
114092501110467,25876945,极客湾Geekerwan,荣耀MagicBook Pro 14上手体验：Turbo X如何让续航变长？,数码,http://i1.hdslb.com/bfs/archive/8c4a9f0a6843fa68082f34943c04fed775ecaf16.jpg,2025-03-02,206269,405,10233,769,913,395,1109,2025-03-03
114081663032130,3546646797355687,啵泥Burning,灯！(带)！怎！么！开！啊！！！,同人·手书,http://i0.hdslb.com/bfs/archive/3cb59213e74105701477b888206608f877d230e3.jpg,2025-02-28,267458,291,47567,7668,8531,8278,401,2025-03-03
114069147228120,108264176,老树怪谈,为什么在足球场看台晃动，反而不危险？,影视杂谈,http://i0.hdslb.com/bfs/archive/93506c60be9109258dd91b6471b24c546870044a.jpg,2025-03-01,2207289,236,97626,697,4372,230,556,2025-03-03
114080908051418,321422126,进击的金厂长,假 如 学 校 是 爽 文 ？！！,搞笑,http://i2.hdslb.com/bfs/archive/dc73f7f815ff892fe823f9ad28412a505a4e299f.jpg,2025-02-28,1391764,1294,116753,3839,11224,2301,836,2025-03-03
114081277216068,337521240,记录生活的蛋黄派,《离谱预制菜》第三期,美食测评,http://i2.hdslb.com/bfs/archive/8dcc36a7a5be054d011b0a81f93899239b775819.jpg,2025-03-01,964152,1336,53476,6611,4777,1125,1001,2025-03-03
114081109446400,1982668634,徐大花xudahua,不忍心打扰这位长眠的月神…,手工,http://i2.hdslb.com/bfs/archive/32b4db5e161cae9511eb72023e37a8f54da48f91.jpg,2025-02-28,880374,373,61872,7937,12423,2012,829,2025-03-03
114084951359626,346563107,波士顿圆脸,哪吒冲入全球票房前七——韩国要申遗哪吒了？！,人文历史,http://i0.hdslb.com/bfs/archive/70eebaba9352be33fab0a24b80e059d6e7182c7d.jpg,2025-03-01,1312387,10917,88818,7483,6461,1830,6188,2025-03-03
114082250296321,222849740,群宝无敌,黄金手链到底咋串好看呀？,搞笑,http://i2.hdslb.com/bfs/archive/64ad1181c662d46f6d733b1d79b6fa1bbd5a68a0.jpg,2025-02-28,1014320,3745,47087,7607,3301,271,8838,2025-03-03
114093172264927,13167438,呵纹Hevon,缇宝老师小课堂开课啦！今天我们来上最后一课,同人·手书,http://i2.hdslb.com/bfs/archive/fc3fb126d7ce76482b52d0825ac8b7f24abf19e7.jpg,2025-03-02,165831,375,20462,2081,2504,569,362,2025-03-03
114082149571082,414336759,路温1900,《难哄》好烂啊……我是说包括原著,影视杂谈,http://i1.hdslb.com/bfs/archive/fdec9494238aa9757e1b19e78e25c8c2bf29a30c.jpg,2025-02-28,723224,4185,38608,18806,6419,2894,4337,2025-03-03
114091494476740,97213827,潜艇伟伟迷,新植物：金色向日葵,单机游戏,http://i0.hdslb.com/bfs/archive/968e614dc6bcaa7dcc6a43ca71655ff329546c9b.jpg,2025-03-02,327809,529,17046,617,1109,158,993,2025-03-03
114077066075505,3493138689689854,甜橙KawaYi,你们都是我花100元推广买来的，都给我看完啊！【原神/嗵嗵】,GMV,http://i1.hdslb.com/bfs/archive/432bfab7512aa218f61694b99946e68340cafa58.jpg,2025-02-28,149816,268,54013,13572,8986,610,1062,2025-03-03
114082099302379,1527375735,RICH徐大花,【吃瓜简报】不行的都刑了，说分的也分了,娱乐杂谈,http://i2.hdslb.com/bfs/archive/920a48be373462b7da0b976fae57aee02096b1be.jpg,2025-03-01,671690,2734,24415,2925,2584,642,766,2025-03-03
114086830481102,3546742700116050,杨齐家_,大坝挣钱航天花，顶级牛马杨齐家,单机游戏,http://i2.hdslb.com/bfs/archive/9ae754e685231530086fa00efbc7f4e0a3ba0dbb.jpg,2025-03-01,629094,736,38735,4695,7592,545,1008,2025-03-03
114081948238052,20530305,庄不纯,植物娘大战僵尸重制版宣传片,单机游戏,http://i0.hdslb.com/bfs/archive/69dd6df6c9ffde4132ad92fb0ce4de2260e333ae.jpg,2025-02-28,623942,607,52877,12295,19069,2618,2143,2025-03-03
114095604964068,3546619314178489,蓝飘飘fly,植物大战僵尸融合版2.3正式版宣传片,单机游戏,http://i2.hdslb.com/bfs/archive/82a6dff781ee68cd477a6d2af74876fcbead34c9.jpg,2025-03-03,118424,149,11704,3649,1304,464,937,2025-03-03
114084800431395,27717433,原野郎中,游戏过于神金，不确定先从哪里笑起,单机游戏,http://i1.hdslb.com/bfs/archive/279f9faeca081918a6a5e141ac46cc1afec38cf1.jpg,2025-03-01,2194350,4697,96876,27771,63591,1579,1461,2025-03-03
114059550658483,3493117728656046,摩的司机徐师傅,娱乐圈精神病夫妻，赚了很多钱一朝被骗，如今挂壁在家寻求新出路,出行,http://i2.hdslb.com/bfs/archive/84f34de49d241a8051e6b25441b6c75af41d08c1.jpg,2025-03-02,315516,2550,9544,2647,1794,510,972,2025-03-03
114085807000706,383578614,超Carry的柴西,那很坏了，真有大学生跟姐姐出门不挨骂吗,出行,http://i0.hdslb.com/bfs/archive/c4cf37983dc24d2ec0789e6b862799985e4ae92f.jpg,2025-03-01,577863,3191,37751,20865,5793,1605,1029,2025-03-03
114087400840281,457718798,主持人yoyo酱,随机选取一位千万博主折磨！,搞笑,http://i2.hdslb.com/bfs/archive/8339010800c5dfefff2e594429f4aaeed0c579f7.jpg,2025-03-01,1472486,357,152233,1240,14180,618,1206,2025-03-03
114080941606172,316627722,世界见闻录,深层腐败？资本主义最终形态？美国为何爆发食品监管危机？,财经商业,http://i0.hdslb.com/bfs/archive/67111a88eeed3203e5eada0cd6f98ba42459dac6.jpg,2025-03-01,598335,2078,38229,4418,7322,1597,2201,2025-03-03
114080471849127,43484780,蒙哥马利愛学习,那些治愈的动物视频！,动物二创,http://i2.hdslb.com/bfs/archive/770c583503f1aed30b62117d9acaf4a4d5af0d24.jpg,2025-02-28,1003003,697,52863,650,7486,651,332,2025-03-03
114076864748447,297786973,Chubbyemu,一位男性吞服了一整瓶抗癫痫药，事后却意外揭露了他体内更大的谜团…,科学科普,http://i2.hdslb.com/bfs/archive/de32b1c9cecaebe1fff2a0cb67cbcab2200af52c.jpg,2025-02-28,1800153,8117,61640,16839,16656,3353,2601,2025-03-03
114081327487556,39320988,王者人格小A,收了那么多妖魔鬼怪 放一个出来帮忙不过分吧！自制钟馗魔神皮肤特效,电子竞技,http://i1.hdslb.com/bfs/archive/6176d252518b132144f08e0583c744eb9a73b379.jpg,2025-02-28,1338659,610,28907,517,2199,1366,1686,2025-03-03
114057218629298,1046085766,徐洁儿_小狸牙,这是怎么做到全国统一的？,小剧场,http://i2.hdslb.com/bfs/archive/e5a15d9360f559587036e3ff55fe0688a6d728e0.jpg,2025-02-24,3005983,442,78240,533,3983,832,1550,2025-03-03
114088172591635,438173577,卢克文工作室,美乌关系破裂？泽连斯基与特朗普的谈判冲突,热点,http://i2.hdslb.com/bfs/archive/e4fed9494fb54a9834d36116cc959d5154ef2977.jpg,2025-03-01,571304,3786,21782,3812,2751,923,1798,2025-03-03
114091913907080,7946432,利维坦mY,特效炸裂！这是凡人动画的新里程！《凡人修仙传》132逐帧解析,动漫杂谈,http://i2.hdslb.com/bfs/archive/6cb8677c2d0ac59a6b3af701f63303aabf529e0f.jpg,2025-03-02,256829,1303,22425,6904,1557,339,1288,2025-03-03
114080891278577,646732586,瞎问虾猜丶,【断网补全计划72】我老爸得了mvp，餐盘圆形区域作用，王心凌画质，甲沟炎叫声，顺拐狼等,搞笑,http://i0.hdslb.com/bfs/archive/b43743254c116a31b75ca43fb6ee0fe149df87dc.jpg,2025-03-01,696796,886,35904,701,3318,545,593,2025-03-03
114085135978154,1117551831,江湖弃子,抛弃小泽、掠夺矿产、战略陷阱：特朗普为美国霸权送终,人文历史,http://i1.hdslb.com/bfs/archive/579f5f5bbae69a2b5505643e8a0b1e318bc3e3d9.jpg,2025-03-01,343573,1194,14930,3726,3538,512,626,2025-03-03
114081042268576,327757321,摸鱼事务所,本版权方决定去战双考察一番...,搞笑,http://i1.hdslb.com/bfs/archive/32aaf861a2f57287130835ec350baae6ff4c5090.jpg,2025-03-01,458098,2347,28214,6335,4335,3237,2153,2025-03-03
114081461764229,1111202004,婷婷与芃芃,就离谱！我真的，产前一天才知道自己怀孕了……,亲子,http://i1.hdslb.com/bfs/archive/85f38c106667d3b3d9d1d0f3f212b51cf4ad2f1f.jpg,2025-02-28,2000214,4638,41314,7561,19193,32212,6659,2025-03-03
114081092607170,1205045754,不信邪的斯坦,第1145枚活珠子，香啊，很香啊！,美食测评,http://i1.hdslb.com/bfs/archive/0ac5d4f3b5a4518d76af2a2b590a273fe2d4a9dc.jpg,2025-03-01,1242911,64726,156277,33016,30832,8534,11626,2025-03-03
114091309925135,500971120,陈怀安_Aaa,粉笔行测模考省考联考第十二季复盘（通用卷）,校园学习,http://i0.hdslb.com/bfs/archive/9d848cd166122251b99a078740c6aee7b91a70ff.jpg,2025-03-02,180304,3566,4810,3353,1594,484,1141,2025-03-03
114085236579607,23941377,麦片塔,🇸🇬新加坡留学生酒店自助餐13新剩菜盲盒,美食记录,http://i2.hdslb.com/bfs/archive/52b0519bee609923413660e686de00b4d0aa80ce.jpg,2025-03-01,597101,328,59885,1931,2861,805,558,2025-03-03
114087686119077,1343321779,央视农业,四川农村聚餐 为啥不让用四季豆？【主播说三农】,综合,http://i1.hdslb.com/bfs/archive/70542b709b9183a355b0db10d1c037b6bfb9a24e.jpg,2025-03-01,405278,706,37759,693,1753,1965,1988,2025-03-03
114081864358198,258034892,碧蝉衣,电视剧《民工》里范明吃的18元清水火锅放现在什么消费水平？,美食制作,http://i0.hdslb.com/bfs/archive/3422481231bbd867bc7ad7c8c7440466d914c18a.jpg,2025-02-28,977423,1578,21427,2599,3705,448,2995,2025-03-03
114086595530329,24718644,麻吉先生呀,《普信告急》大半夜刷到个帖子，标题差点给我整yue了（上）,同人·手书,http://i0.hdslb.com/bfs/archive/133c9c70c00269e4b40eec3d89ebbd17f5badf0f.jpg,2025-03-01,360336,1530,36261,648,16098,448,1414,2025-03-03
114081612763866,2175690,徐Toso,奶龙大电影来了！目标票房300亿！奶龙之魔龙闹海预告片首次曝光！,综合,http://i1.hdslb.com/bfs/archive/dc839a4801a183ae86bac61be3887e99051f5868.jpg,2025-02-28,1761053,810,70320,7545,41194,29761,4579,2025-03-03
114092350114603,7957044,我是十四哦丶,哪来那么多山头，我省是平原地区！万字精讲《人民的名义》P14,影视杂谈,http://i0.hdslb.com/bfs/archive/e16167ce5b496be02fd410cfd8e0b57bd346f255.jpg,2025-03-02,147227,794,6780,3635,1887,172,307,2025-03-03
114092467556875,20826656,糖果果的未来要发光,AI写论文避坑指南！不惧查重｜全网最全DeepSeek科研应用：手把手教你高效科研！,软件应用,http://i0.hdslb.com/bfs/archive/020bb39c00feb1a44e976b74b5a76476995a6640.jpg,2025-03-02,36828,138,3309,2230,5616,1117,169,2025-03-03
114081948244650,8420192,长腿嗑叽君,品Aespa金玟庭“冬学”,娱乐杂谈,http://i2.hdslb.com/bfs/archive/8de95b354844c684d7a015e0e07c920e99bb6a66.jpg,2025-03-01,669415,15129,53298,22868,9235,5967,5192,2025-03-03
114085253414935,211005705,网易第五人格手游,【第三十七赛季·精华2】故事视频爆料：——“你当真，分得清吗？”,手机游戏,http://i2.hdslb.com/bfs/archive/d5d108644edc237cae039bcd30e9b83ae3bbc7ec.jpg,2025-03-02,403050,11799,26200,2602,3780,6591,4930,2025-03-03
114085857336330,411580473,青蓝丶冰晶,【明日方舟】嗵嗵-「神明告诉我，何处能容我」,单机游戏,http://i1.hdslb.com/bfs/archive/c66a75f2078f6c22a75e59a4aa3d8571159810bc.jpg,2025-03-01,163441,81,20964,9476,8606,1177,529,2025-03-03
114068962743095,1612935698,法兰西小欣欣,有人能管管我的评论区吗？,搞笑,http://i2.hdslb.com/bfs/archive/73dc8e26c82a290852baf560247b4d02eb067568.jpg,2025-02-26,1533329,1496,64657,4237,7521,323,1992,2025-03-03
114062654442067,20457232,一只吐槽圆,赵露思为何要那样？容貌焦虑，口碑直降，开年热搜大户的事业困境,娱乐杂谈,http://i2.hdslb.com/bfs/archive/0af25f70f12afdfb5bfb7c69a1980efec7d4e645.jpg,2025-02-25,3628776,34411,130170,26931,18153,14097,6563,2025-03-03
114069281445321,65737368,宇宙怪奇物语,炸了！美俄开始逼宫，泽连斯基该如何破局？我们的机会来了吗？,社科·法律·心理,http://i2.hdslb.com/bfs/archive/51fb40bf668d45c033926557e8bda9d04bdb32c6.jpg,2025-02-26,825340,3388,16157,1758,4148,780,1968,2025-03-03
114086763433696,413703,独立游戏蜥蜴君,这种级别的游戏是我能免费玩到的吗！？【Steam新品节游戏推荐】,单机游戏,http://i0.hdslb.com/bfs/archive/fe04161dcfc54053506c60444340e678d79933f1.jpg,2025-03-01,373385,471,9018,2146,7462,1330,442,2025-03-03
114079079337914,3546794552199406,米饭仙人FFyasueda,【草莓蛋糕】白米饭3斤半,美食记录,http://i2.hdslb.com/bfs/archive/cb97bf031512f9d350d379875a599b12bce879ae.jpg,2025-02-28,1662376,71518,249833,16747,5961,1503,3746,2025-03-03
114087484791571,3546792878672762,鬼才童年Zero,☝️🤓会说文言文的阿福你一定没看过⚡⚡⚡,鬼畜剧场,http://i1.hdslb.com/bfs/archive/925586bfa3412d352636ccd74d03d4dcd2b3fa9c.jpg,2025-03-02,264930,115,21568,707,6065,755,125,2025-03-03
114075925348778,381711119,魔骑墨奇,“老爸，这次换我得MVP了”,鬼畜剧场,http://i1.hdslb.com/bfs/archive/3c0a94a90925c1e1ed5b17d1966cde5c9970c777.jpg,2025-02-28,931803,571,86872,6981,15921,6012,2070,2025-03-03
114092148919413,3546657239075200,登陆少年组合,【登陆少年】《我 VS Justin Bieber》MV（特工ver.）纯享版,明星综合,http://i2.hdslb.com/bfs/archive/390ca86260137fd0bf8cdbd15db05edda36e64d7.jpg,2025-03-02,187072,12002,12631,3060,3803,2625,1737,2025-03-03
114080924833127,406636263,HOLA小测佬,探秘北极超市！100元能买什么？物价有多离谱？,美食侦探,http://i0.hdslb.com/bfs/archive/c1cb09f6667b60dfbae3365121a249d90f278905.jpg,2025-02-28,945141,9382,35019,4155,10299,5530,762,2025-03-03
114080891273633,193262326,音乐Wu哥,《嗵嗵》原来是她们的歌？内娱唯一“神婆乐队”，不弹乐器弹法器,乐评盘点,http://i2.hdslb.com/bfs/archive/9dd39a472008e4387966eb57ddb80369b955fe96.jpg,2025-03-01,887276,469,15703,1214,28974,211,890,2025-03-03
114091041495864,8048877,Midoriko绿子,我承认你的速度在我之上,仿妆cos,http://i1.hdslb.com/bfs/archive/69ad20ffa255b48dfa385751f9f8875d00b3c4df.jpg,2025-03-02,497430,34,14969,686,1448,124,231,2025-03-03
114081679806562,8034163,浅澄月,真·出生之家（2） 零元购上集,鬼畜剧场,http://i2.hdslb.com/bfs/archive/4fa2d51fc0c7011ddade6609cfc66e290e4a5e08.jpg,2025-03-01,459070,841,40524,6163,11400,5260,1088,2025-03-03
114067939332704,527452972,大椿哥哥吖,首座污水池风景区，游客直呼：好想定居！,单机游戏,http://i2.hdslb.com/bfs/archive/ddc29b47f83d52eaab9b947fdf9b46e6a27f3481.jpg,2025-02-26,2103667,765,41277,1250,14279,655,486,2025-03-03
114085186310110,472173533,如花一枝花花,邻居让花花帮忙照顾小孩，让老戏骨惨遭职业滑铁卢,美食记录,http://i1.hdslb.com/bfs/archive/e32fbc3913f61291cdbc58bfa34076bc7c414b27.jpg,2025-03-01,472221,422,54510,2487,3241,4107,569,2025-03-03
114080689951959,29296192,虫哥说电影,苦情剧也能全程搞笑段子！安陵容终成乡村一霸！苦情神剧《我在北京挺好的》笑点有点多...,影视杂谈,http://i1.hdslb.com/bfs/archive/998fa30604549258462b2dbe0cec09f83672a3c9.jpg,2025-03-01,540397,5875,19651,3437,4015,1565,1274,2025-03-03
114079398105124,562197,中国BOY超级大猩猩,赌命试吃！到底谁发明的西湖醋鱼？！,出行,http://i0.hdslb.com/bfs/archive/d2f799a8cffbc63fac4ee6ee1be1bddb0eedf9cd.jpg,2025-02-28,599775,3881,45673,9063,4923,1047,893,2025-03-03
114088944337850,52717408,Always聪聪,三角洲行动 版本三幻神之最均衡！M14最强丐版改法，28万极限性价比！【S】,网络游戏,http://i1.hdslb.com/bfs/archive/bac08e8e9b4dff68e33a360d5f9b3b444773e69b.jpg,2025-03-02,240200,203,7739,834,7648,778,957,2025-03-03
114091930688599,1916189,Angel向涛,LPL电竞选手Angel放假返乡美食探店（三）|南宁最火的啫啫煲？|啫啫村,日常,http://i2.hdslb.com/bfs/archive/a80f04972da7d141158800a323d273669bacb6b4.jpg,2025-03-02,102255,418,7994,3215,637,784,808,2025-03-03
114086914294603,452412746,Yooupi食途,在芬兰捡垃圾，捡出一套房？超市丢弃的食物太夸张,田园美食,http://i0.hdslb.com/bfs/archive/91f8f762cce9c9c005fe4fe844800df448c679c1.jpg,2025-03-01,550390,3978,34642,11718,3635,2499,2157,2025-03-03
114080488628218,2092855066,西瓜吹雪解说,吃饭要靠抢，老板做啥顾客吃啥。成都小米辣移动小炒#成都美食#熙街夜市,美食侦探,http://i1.hdslb.com/bfs/archive/d5a7004e7887f2be85086419cf5fbcf81cdb0f69.jpg,2025-02-28,751421,642,40361,662,2529,1608,1513,2025-03-03
114086880742615,289189019,戏京同志,萝莉岛案件，公布了个寂寞！,社科·法律·心理,http://i2.hdslb.com/bfs/archive/26fa1894959236296c127e3be2a5aa4034114f0d.jpg,2025-03-01,400812,595,15478,842,2034,241,416,2025-03-03
114080790612247,519872016,历史调研室,亲手葬送德意志帝国的末代皇帝，一战元凶之一：威廉二世【历史调研室69】,人文历史,http://i0.hdslb.com/bfs/archive/922111cc6701b7a6bc45c631c3fd7f92ca3da95a.jpg,2025-02-28,1152988,7189,53960,21149,19795,1793,1591,2025-03-03
114087031738070,450882837,一叮当猫一,离谱！一个皮肤卖888！拳皇做成手游竟然变成了纯割韭菜的游戏？！,手机游戏,http://i1.hdslb.com/bfs/archive/3f05e8a029f6173353f7bd4e738eefed631f40ab.jpg,2025-03-02,277497,204,16704,7189,2202,208,426,2025-03-03
114087702827739,5024187,龙三条,《圆蛤镇父母爱情》,综合,http://i2.hdslb.com/bfs/archive/4dabfb478e2f9154097111094665ed0f1003c9e0.jpg,2025-03-02,279938,1357,16460,1904,1904,232,479,2025-03-03
114086780083144,8299159,特别厉害的祁奕翔,【锐评】DOUDOU的《嗵嗵》是怎么火的？是一首好歌吗？,音乐综合,http://i0.hdslb.com/bfs/archive/c0f71d7493204031e42c4294999046547898cb7d.jpg,2025-03-01,534011,1646,23688,1131,4515,436,3346,2025-03-03
114087132405151,365188862,貂蟬的腿毛,【自制动画】“因为你是我唯一的朋友啊”,特摄,http://i1.hdslb.com/bfs/archive/75c1b2b787cce5780746fcf0fbbf2ec37185d5c4.jpg,2025-03-01,688134,628,127493,11593,27621,3964,1936,2025-03-03
114070892055103,1580445113,lolo艺术治愈馆,“猫猫的诞生”,绘画,http://i1.hdslb.com/bfs/archive/190f057d2f1a4423d623ca003ae4cd6e8078133d.jpg,2025-02-26,2357659,219,222129,15531,62731,31541,2000,2025-03-03
114093222599868,455116379,大吃一惊呀,单依纯 x Ed Sheeran a.k.a. 黄老板『Perfect』现场直拍,音乐现场,http://i0.hdslb.com/bfs/archive/26e3f8cc452548ae2d53464c0544dd5b70c6e3bd.jpg,2025-03-02,53535,195,4027,2178,1754,1396,375,2025-03-03
114088977897873,860464,少年五之歌,当五橙在沙漠里开私房菜！她们要怎么开始？！,单机游戏,http://i2.hdslb.com/bfs/archive/22875967e4575fcde8b6c3f4317b8d702321faba.jpg,2025-03-02,194178,642,30431,13077,6298,546,695,2025-03-03
114069667318358,4543111,一条视频,中国第一代超级网红：每月工作2天，实现财务自由,日常,http://i2.hdslb.com/bfs/archive/b6367ff8cdb3af4bef477cc9b650dd62a82ed27a.jpg,2025-02-26,1846333,503,156920,3304,10811,1741,1998,2025-03-03
114062352452176,249585843,野地里野生蘑菇,该视频出自《乌鸦自传》真假有待考核！,日常,http://i1.hdslb.com/bfs/archive/fb933eae1fd5addec6b4bf1b99d514601bab0867.jpg,2025-02-25,256623,375,15171,2230,4205,1350,416,2025-03-03
114092165634540,1020040160,永琪吗,又是一年春，快来干活吧！,搞笑,http://i0.hdslb.com/bfs/archive/a2d1683324e9dae46f98f9032aaa28b5aa397384.jpg,2025-03-02,193087,363,23398,3859,526,187,439,2025-03-03
114058678241863,14890801,大炒面制造者Cen,当我们每过五分钟就需要「面临选择」？？！,单机游戏,http://i1.hdslb.com/bfs/archive/32cd149b8c8f50d93c0726bce80c0b2bf50da888.jpg,2025-03-01,1051322,3507,109752,53484,21963,1678,4178,2025-03-03
114058242102792,1398957,树深时见鹿dear,⚡这么MVP真是抱歉⚡,人力VOCALOID,http://i0.hdslb.com/bfs/archive/eb039ed6bd12612819b1dd445d2a3813fd6a1358.jpg,2025-02-24,2058536,993,166126,65398,50134,34951,3238,2025-03-03
114086612307781,50329118,哔哩哔哩英雄联盟赛事,【2025LPL第一赛段】3月1日决赛 TES vs AL,电子竞技,http://i1.hdslb.com/bfs/archive/c673fcff0110680d717bac41324b602753f3d37c.jpg,2025-03-01,1365486,9144,8963,2352,1464,390,6193,2025-03-03
114086847187900,1650518028,_番茄多_,“无 要 求”,手工,http://i1.hdslb.com/bfs/archive/b3bbffca8eac93cdeefeced226010878dbe38e58.jpg,2025-03-01,456082,1138,41884,600,1594,509,707,2025-03-03
114086998245402,284120,三无Marblue,【三无翻唱】嗵嗵,翻唱,http://i1.hdslb.com/bfs/archive/65cb997da7fc66fe676a6ab494da5696a8401681.jpg,2025-03-01,245566,836,35253,19725,15798,2290,1550,2025-03-03
114090370406978,78507973,小米米沙,P01【饥荒第五季】单人多大型mod生存系列【棱镜 能力勋章 海洋传说 建家党狂喜】米博士,单机游戏,http://i2.hdslb.com/bfs/archive/9c8b8ffb9789bb73a133e530df9599bb3b3319a9.jpg,2025-03-02,52082,472,9516,15048,2521,165,372,2025-03-03
