排名,标题,链接,热点
1,阿信忘了话筒在哪只手,https://s.weibo.com/weibo?q=%23%E5%AE%AA%E6%B3%95%E5%AE%88%E6%8A%A4%E4%BD%A0%E6%88%91%E7%9A%84%E4%B8%80%E7%94%9F%23&Refer=new_time, 822242
2,人民日报评五月天疑似假唱,https://s.weibo.com/weibo?q=%E9%98%BF%E4%BF%A1%E5%BF%98%E4%BA%86%E8%AF%9D%E7%AD%92%E5%9C%A8%E5%93%AA%E5%8F%AA%E6%89%8B&t=31&band_rank=1&Refer=top, 330626
3,聚焦COP28,https://s.weibo.com/weibo?q=%23%E4%BA%BA%E6%B0%91%E6%97%A5%E6%8A%A5%E8%AF%84%E4%BA%94%E6%9C%88%E5%A4%A9%E7%96%91%E4%BC%BC%E5%81%87%E5%94%B1%23&t=31&band_rank=2&Refer=top, 241772
4,白鹿的上身身材,https://s.weibo.com/weibo?q=%23%E8%81%9A%E7%84%A6COP28%23&t=31&band_rank=3&Refer=top,盛典 215306
5,难哄 白敬亭刘浩存,https://s.weibo.com/weibo?q=%23%E7%99%BD%E9%B9%BF%E7%9A%84%E4%B8%8A%E8%BA%AB%E8%BA%AB%E6%9D%90%23&t=31&band_rank=4&Refer=top,剧集 194981
6,斗鱼主播,https://s.weibo.com/weibo?q=%E9%9A%BE%E5%93%84%20%E7%99%BD%E6%95%AC%E4%BA%AD%E5%88%98%E6%B5%A9%E5%AD%98&t=31&band_rank=5&Refer=top, 186147
7,多平台取消杨鸣总教练认证,https://s.weibo.com/weibo?q=%E6%96%97%E9%B1%BC%E4%B8%BB%E6%92%AD&t=31&band_rank=6&Refer=top, 180844
8,上海19岁外卖小哥称第一次遇到商场这样做,https://s.weibo.com/weibo?q=%E5%A4%9A%E5%B9%B3%E5%8F%B0%E5%8F%96%E6%B6%88%E6%9D%A8%E9%B8%A3%E6%80%BB%E6%95%99%E7%BB%83%E8%AE%A4%E8%AF%81&t=31&band_rank=7&Refer=top, 180084
9,湖南卫视 那英,https://s.weibo.com/weibo?q=%23%E4%B8%8A%E6%B5%B719%E5%B2%81%E5%A4%96%E5%8D%96%E5%B0%8F%E5%93%A5%E7%A7%B0%E7%AC%AC%E4%B8%80%E6%AC%A1%E9%81%87%E5%88%B0%E5%95%86%E5%9C%BA%E8%BF%99%E6%A0%B7%E5%81%9A%23&t=31&band_rank=8&Refer=top, 168304
10,轻语 已婚有娃,https://s.weibo.com/weibo?q=%E6%B9%96%E5%8D%97%E5%8D%AB%E8%A7%86%20%E9%82%A3%E8%8B%B1&t=31&band_rank=9&Refer=top, 151748
11,宋妍霏钻石肚兜,https://s.weibo.com/weibo?q=%E8%BD%BB%E8%AF%AD%20%E5%B7%B2%E5%A9%9A%E6%9C%89%E5%A8%83&t=31&band_rank=10&Refer=top,盛典 130598
12,丁海寅 夜店常客,https://s.weibo.com/weibo?q=%23%E5%AE%8B%E5%A6%8D%E9%9C%8F%E9%92%BB%E7%9F%B3%E8%82%9A%E5%85%9C%23&t=31&band_rank=11&Refer=top, 125928
13,娜扎 赢麻了,https://s.weibo.com/weibo?q=%E4%B8%81%E6%B5%B7%E5%AF%85%20%E5%A4%9C%E5%BA%97%E5%B8%B8%E5%AE%A2&t=31&band_rank=12&Refer=top,盛典 121779
14,彩票,https://s.weibo.com/weibo?q=%E5%A8%9C%E6%89%8E%20%E8%B5%A2%E9%BA%BB%E4%BA%86&t=31&band_rank=13&Refer=top, 112472
15,音乐制作人解读什么是垫唱,https://s.weibo.com/weibo?q=%E5%BD%A9%E7%A5%A8&t=31&band_rank=14&Refer=top, 65979
16,赵露思 油画少女,https://s.weibo.com/weibo?q=%23%E9%9F%B3%E4%B9%90%E5%88%B6%E4%BD%9C%E4%BA%BA%E8%A7%A3%E8%AF%BB%E4%BB%80%E4%B9%88%E6%98%AF%E5%9E%AB%E5%94%B1%23&t=31&band_rank=15&Refer=top,盛典 63701
17,终于知道告五人是告哪五个人了,https://s.weibo.com/weibo?q=%E8%B5%B5%E9%9C%B2%E6%80%9D%20%E6%B2%B9%E7%94%BB%E5%B0%91%E5%A5%B3&t=31&band_rank=16&Refer=top, 63388
18,你一页纸翻过去就能翻过别人一辈子,https://s.weibo.com/weibo?q=%23%E7%BB%88%E4%BA%8E%E7%9F%A5%E9%81%93%E5%91%8A%E4%BA%94%E4%BA%BA%E6%98%AF%E5%91%8A%E5%93%AA%E4%BA%94%E4%B8%AA%E4%BA%BA%E4%BA%86%23&t=31&band_rank=17&Refer=top, 61386
19,EDG 人情味,https://s.weibo.com/weibo?q=%E4%BD%A0%E4%B8%80%E9%A1%B5%E7%BA%B8%E7%BF%BB%E8%BF%87%E5%8E%BB%E5%B0%B1%E8%83%BD%E7%BF%BB%E8%BF%87%E5%88%AB%E4%BA%BA%E4%B8%80%E8%BE%88%E5%AD%90&t=31&band_rank=18&Refer=top, 52439
20,爱马仕继承人将巨额财产留给园丁,https://s.weibo.com/weibo?q=EDG%20%E4%BA%BA%E6%83%85%E5%91%B3&t=31&band_rank=19&Refer=top, 49132
21,张天爱 他们怎么穿黑的不告诉我,https://s.weibo.com/weibo?q=%23%E7%88%B1%E9%A9%AC%E4%BB%95%E7%BB%A7%E6%89%BF%E4%BA%BA%E5%B0%86%E5%B7%A8%E9%A2%9D%E8%B4%A2%E4%BA%A7%E7%95%99%E7%BB%99%E5%9B%AD%E4%B8%81%23&t=31&band_rank=20&Refer=top,盛典 49035
22,关晓彤内场 秀腿是她的统治区,https://s.weibo.com/weibo?q=%E5%BC%A0%E5%A4%A9%E7%88%B1%20%E4%BB%96%E4%BB%AC%E6%80%8E%E4%B9%88%E7%A9%BF%E9%BB%91%E7%9A%84%E4%B8%8D%E5%91%8A%E8%AF%89%E6%88%91&t=31&band_rank=21&Refer=top,盛典 48532
23,北京一医师因颜值高多人挂号打卡,https://s.weibo.com/weibo?q=%E5%85%B3%E6%99%93%E5%BD%A4%E5%86%85%E5%9C%BA%20%E7%A7%80%E8%85%BF%E6%98%AF%E5%A5%B9%E7%9A%84%E7%BB%9F%E6%B2%BB%E5%8C%BA&t=31&band_rank=22&Refer=top, 48280
24,Meiko 转会,https://s.weibo.com/weibo?q=%23%E5%8C%97%E4%BA%AC%E4%B8%80%E5%8C%BB%E5%B8%88%E5%9B%A0%E9%A2%9C%E5%80%BC%E9%AB%98%E5%A4%9A%E4%BA%BA%E6%8C%82%E5%8F%B7%E6%89%93%E5%8D%A1%23&t=31&band_rank=23&Refer=top, 46188
25,王子航爸爸 你可以退群了,https://s.weibo.com/weibo?q=Meiko%20%E8%BD%AC%E4%BC%9A&t=31&band_rank=24&Refer=top, 43206
26,景甜赵露思成毅坐一起,https://s.weibo.com/weibo?q=%E7%8E%8B%E5%AD%90%E8%88%AA%E7%88%B8%E7%88%B8%20%E4%BD%A0%E5%8F%AF%E4%BB%A5%E9%80%80%E7%BE%A4%E4%BA%86&t=31&band_rank=25&Refer=top,盛典 42441
27,赵一博 种地吧第二季,https://s.weibo.com/weibo?q=%E6%99%AF%E7%94%9C%E8%B5%B5%E9%9C%B2%E6%80%9D%E6%88%90%E6%AF%85%E5%9D%90%E4%B8%80%E8%B5%B7&t=31&band_rank=26&Refer=top,综艺 42276
28,黄觉 藏海传,https://s.weibo.com/weibo?q=%E8%B5%B5%E4%B8%80%E5%8D%9A%20%E7%A7%8D%E5%9C%B0%E5%90%A7%E7%AC%AC%E4%BA%8C%E5%AD%A3&t=31&band_rank=27&Refer=top, 42167
29,阿姨瞒着爸妈上了8年班,https://s.weibo.com/weibo?q=%E9%BB%84%E8%A7%89%20%E8%97%8F%E6%B5%B7%E4%BC%A0&t=31&band_rank=28&Refer=top, 41633
30,陕西出生仅1个鸡蛋重的熊猫长大了,https://s.weibo.com/weibo?q=%23%E9%98%BF%E5%A7%A8%E7%9E%92%E7%9D%80%E7%88%B8%E5%A6%88%E4%B8%8A%E4%BA%868%E5%B9%B4%E7%8F%AD%23&t=31&band_rank=29&Refer=top, 41434
31,李一桐笑疯了,https://s.weibo.com/weibo?q=%23%E9%99%95%E8%A5%BF%E5%87%BA%E7%94%9F%E4%BB%851%E4%B8%AA%E9%B8%A1%E8%9B%8B%E9%87%8D%E7%9A%84%E7%86%8A%E7%8C%AB%E9%95%BF%E5%A4%A7%E4%BA%86%23&t=31&band_rank=30&Refer=top,盛典 40730
32,黄晓明 张小斐是我的粉丝,https://s.weibo.com/weibo?q=%E6%9D%8E%E4%B8%80%E6%A1%90%E7%AC%91%E7%96%AF%E4%BA%86&t=31&band_rank=31&Refer=top,盛典 39537
33,张若昀唐艺昕好甜,https://s.weibo.com/weibo?q=%E9%BB%84%E6%99%93%E6%98%8E%20%E5%BC%A0%E5%B0%8F%E6%96%90%E6%98%AF%E6%88%91%E7%9A%84%E7%B2%89%E4%B8%9D&t=31&band_rank=32&Refer=top,盛典 38929
34,瘦腿封神组合,https://s.weibo.com/weibo?q=%E5%BC%A0%E8%8B%A5%E6%98%80%E5%94%90%E8%89%BA%E6%98%95%E5%A5%BD%E7%94%9C&t=31&band_rank=33&Refer=top, 38675
35,杨鸣离婚,https://s.weibo.com/weibo?q=%E7%98%A6%E8%85%BF%E5%B0%81%E7%A5%9E%E7%BB%84%E5%90%88&t=31&band_rank=34&Refer=top, 36674
36,何蓝逗男装扮相,https://s.weibo.com/weibo?q=%23%E6%9D%A8%E9%B8%A3%E7%A6%BB%E5%A9%9A%23&t=31&band_rank=35&Refer=top,剧集 36669
37,难怪有故人之姿 原来是故人之子,https://s.weibo.com/weibo?q=%E4%BD%95%E8%93%9D%E9%80%97%E7%94%B7%E8%A3%85%E6%89%AE%E7%9B%B8&t=31&band_rank=36&Refer=top, 36657
38,张若昀刘诗诗武侠风合影,https://s.weibo.com/weibo?q=%E9%9A%BE%E6%80%AA%E6%9C%89%E6%95%85%E4%BA%BA%E4%B9%8B%E5%A7%BF%20%E5%8E%9F%E6%9D%A5%E6%98%AF%E6%95%85%E4%BA%BA%E4%B9%8B%E5%AD%90&t=31&band_rank=37&Refer=top,盛典 36651
39,卖15的卷饼 提供150的情绪价值,https://s.weibo.com/weibo?q=%23%E5%BC%A0%E8%8B%A5%E6%98%80%E5%88%98%E8%AF%97%E8%AF%97%E6%AD%A6%E4%BE%A0%E9%A3%8E%E5%90%88%E5%BD%B1%23&t=31&band_rank=38&Refer=top, 36623
40,图书馆也疯了,https://s.weibo.com/weibo?q=%E5%8D%9615%E7%9A%84%E5%8D%B7%E9%A5%BC%20%E6%8F%90%E4%BE%9B150%E7%9A%84%E6%83%85%E7%BB%AA%E4%BB%B7%E5%80%BC&t=31&band_rank=39&Refer=top, 36602
41,刘宇宁全开麦 梦回天星峡,https://s.weibo.com/weibo?q=%E5%9B%BE%E4%B9%A6%E9%A6%86%E4%B9%9F%E7%96%AF%E4%BA%86&t=31&band_rank=40&Refer=top,盛典 36592
42,孟子义珍珠项链,https://s.weibo.com/weibo?q=%E5%88%98%E5%AE%87%E5%AE%81%E5%85%A8%E5%BC%80%E9%BA%A6%20%E6%A2%A6%E5%9B%9E%E5%A4%A9%E6%98%9F%E5%B3%A1&t=31&band_rank=41&Refer=top, 36570
43,他都叫诚意了,https://s.weibo.com/weibo?q=%E5%AD%9F%E5%AD%90%E4%B9%89%E7%8F%8D%E7%8F%A0%E9%A1%B9%E9%93%BE&t=31&band_rank=42&Refer=top,盛典 36548
44,成毅坐姿,https://s.weibo.com/weibo?q=%23%E4%BB%96%E9%83%BD%E5%8F%AB%E8%AF%9A%E6%84%8F%E4%BA%86%23&t=31&band_rank=43&Refer=top,盛典 36516
45,微博视界大会,https://s.weibo.com/weibo?q=%E6%88%90%E6%AF%85%E5%9D%90%E5%A7%BF&t=31&band_rank=44&Refer=top,盛典 36490
46,白鹿摸王星越的头,https://s.weibo.com/weibo?q=%E5%BE%AE%E5%8D%9A%E8%A7%86%E7%95%8C%E5%A4%A7%E4%BC%9A&t=31&band_rank=45&Refer=top,盛典 36472
47,狗拉雪橇,https://s.weibo.com/weibo?q=%23%E7%99%BD%E9%B9%BF%E6%91%B8%E7%8E%8B%E6%98%9F%E8%B6%8A%E7%9A%84%E5%A4%B4%23&t=31&band_rank=46&Refer=top, 36463
48,银行通报员工举报遭领导施压发生关系,https://s.weibo.com/weibo?q=%E7%8B%97%E6%8B%89%E9%9B%AA%E6%A9%87&t=31&band_rank=47&Refer=top, 36437
49,蔚来31.6亿收购江淮汽车设备和资产,https://s.weibo.com/weibo?q=%23%E9%93%B6%E8%A1%8C%E9%80%9A%E6%8A%A5%E5%91%98%E5%B7%A5%E4%B8%BE%E6%8A%A5%E9%81%AD%E9%A2%86%E5%AF%BC%E6%96%BD%E5%8E%8B%E5%8F%91%E7%94%9F%E5%85%B3%E7%B3%BB%23&t=31&band_rank=48&Refer=top, 36415
50,财政部回应穆迪下调我主权信用评级展望,https://s.weibo.com/weibo?q=%23%E8%94%9A%E6%9D%A531.6%E4%BA%BF%E6%94%B6%E8%B4%AD%E6%B1%9F%E6%B7%AE%E6%B1%BD%E8%BD%A6%E8%AE%BE%E5%A4%87%E5%92%8C%E8%B5%84%E4%BA%A7%23&t=31&band_rank=49&Refer=top, 36403
