排名,标题,链接,热点
1,中美两国元首夫妇参观美国国家档案馆,https://s.weibo.com/weibo?q=%23%E4%B9%A0%E8%BF%91%E5%B9%B3%E5%9C%86%E6%BB%A1%E7%BB%93%E6%9D%9F%E5%AF%B9%E7%BE%8E%E5%9B%BD%E7%9A%84%E5%9B%BD%E4%BA%8B%E8%AE%BF%E9%97%AE%23&Refer=new_time, 1052394
2,宜宾地震,https://s.weibo.com/weibo?q=%23%E4%B8%AD%E7%BE%8E%E4%B8%A4%E5%9B%BD%E5%85%83%E9%A6%96%E5%A4%AB%E5%A6%87%E5%8F%82%E8%A7%82%E7%BE%8E%E5%9B%BD%E5%9B%BD%E5%AE%B6%E6%A1%A3%E6%A1%88%E9%A6%86%23&t=31&band_rank=1&Refer=top, 753744
3,从一撇一捺看中美青年双向奔赴,https://s.weibo.com/weibo?q=%E5%AE%9C%E5%AE%BE%E5%9C%B0%E9%9C%87&t=31&band_rank=2&Refer=top, 600694
4,奕境X9上市24小时大定突破9157台,https://s.weibo.com/weibo?q=%23%E4%BB%8E%E4%B8%80%E6%92%87%E4%B8%80%E6%8D%BA%E7%9C%8B%E4%B8%AD%E7%BE%8E%E9%9D%92%E5%B9%B4%E5%8F%8C%E5%90%91%E5%A5%94%E8%B5%B4%23&t=31&band_rank=3&Refer=top, 
5,国乒包揽冠亚军庆祝中秋,https://s.weibo.comjavascript:void(0);, 553408
6,王楚钦孙颖莎 混双半决赛,https://s.weibo.com/weibo?q=%23%E5%9B%BD%E4%B9%92%E5%8C%85%E6%8F%BD%E5%86%A0%E4%BA%9A%E5%86%9B%E5%BA%86%E7%A5%9D%E4%B8%AD%E7%A7%8B%23&t=31&band_rank=4&Refer=top, 216698
7,宁波小孩姐陈妤颉成亚洲女子飞人,https://s.weibo.com/weibo?q=%E7%8E%8B%E6%A5%9A%E9%92%A6%E5%AD%99%E9%A2%96%E8%8E%8E%20%E6%B7%B7%E5%8F%8C%E5%8D%8A%E5%86%B3%E8%B5%9B&t=31&band_rank=5&Refer=top, 187261
8,国家出手调控油价了,https://s.weibo.com/weibo?q=%23%E5%AE%81%E6%B3%A2%E5%B0%8F%E5%AD%A9%E5%A7%90%E9%99%88%E5%A6%A4%E9%A2%89%E6%88%90%E4%BA%9A%E6%B4%B2%E5%A5%B3%E5%AD%90%E9%A3%9E%E4%BA%BA%23&t=31&band_rank=6&Refer=top, 185346
9,兰香被林锦岐吐血吓到了,https://s.weibo.com/weibo?q=%23%E5%9B%BD%E5%AE%B6%E5%87%BA%E6%89%8B%E8%B0%83%E6%8E%A7%E6%B2%B9%E4%BB%B7%E4%BA%86%23&t=31&band_rank=7&Refer=top,剧集 180521
10,中美两国元首夫妇茶叙,https://s.weibo.com/weibo?q=%23%E5%85%B0%E9%A6%99%E8%A2%AB%E6%9E%97%E9%94%A6%E5%B2%90%E5%90%90%E8%A1%80%E5%90%93%E5%88%B0%E4%BA%86%23&t=31&band_rank=8&Refer=top, 180479
11,月饼,https://s.weibo.com/weibo?q=%23%E4%B8%AD%E7%BE%8E%E4%B8%A4%E5%9B%BD%E5%85%83%E9%A6%96%E5%A4%AB%E5%A6%87%E8%8C%B6%E5%8F%99%23&t=31&band_rank=9&Refer=top, 178339
12,新华社为王楚钦发声,https://s.weibo.com/weibo?q=%E6%9C%88%E9%A5%BC&t=31&band_rank=10&Refer=top, 177647
13,男子输液后自尽留观室监控曝光,https://s.weibo.com/weibo?q=%E6%96%B0%E5%8D%8E%E7%A4%BE%E4%B8%BA%E7%8E%8B%E6%A5%9A%E9%92%A6%E5%8F%91%E5%A3%B0&t=31&band_rank=11&Refer=top, 175886
14,王楚钦不该承受恶劣舆论环境,https://s.weibo.com/weibo?q=%23%E7%94%B7%E5%AD%90%E8%BE%93%E6%B6%B2%E5%90%8E%E8%87%AA%E5%B0%BD%E7%95%99%E8%A7%82%E5%AE%A4%E7%9B%91%E6%8E%A7%E6%9B%9D%E5%85%89%23&t=31&band_rank=12&Refer=top, 175479
15,王楚钦 进决赛不容易,https://s.weibo.com/weibo?q=%23%E7%8E%8B%E6%A5%9A%E9%92%A6%E4%B8%8D%E8%AF%A5%E6%89%BF%E5%8F%97%E6%81%B6%E5%8A%A3%E8%88%86%E8%AE%BA%E7%8E%AF%E5%A2%83%23&t=31&band_rank=13&Refer=top, 174204
16,两人吃西贝没点海鲜花五百多,https://s.weibo.com/weibo?q=%E7%8E%8B%E6%A5%9A%E9%92%A6%20%E8%BF%9B%E5%86%B3%E8%B5%9B%E4%B8%8D%E5%AE%B9%E6%98%93&t=31&band_rank=14&Refer=top, 172747
17,井柏然刘雯去看李荣浩演唱会,https://s.weibo.com/weibo?q=%E4%B8%A4%E4%BA%BA%E5%90%83%E8%A5%BF%E8%B4%9D%E6%B2%A1%E7%82%B9%E6%B5%B7%E9%B2%9C%E8%8A%B1%E4%BA%94%E7%99%BE%E5%A4%9A&t=31&band_rank=15&Refer=top,演出 171617
18,王楚钦说团体失利心情低落,https://s.weibo.com/weibo?q=%23%E4%BA%95%E6%9F%8F%E7%84%B6%E5%88%98%E9%9B%AF%E5%8E%BB%E7%9C%8B%E6%9D%8E%E8%8D%A3%E6%B5%A9%E6%BC%94%E5%94%B1%E4%BC%9A%23&t=31&band_rank=16&Refer=top, 170638
19,戚薇造型 致敬蔡明,https://s.weibo.com/weibo?q=%23%E7%8E%8B%E6%A5%9A%E9%92%A6%E8%AF%B4%E5%9B%A2%E4%BD%93%E5%A4%B1%E5%88%A9%E5%BF%83%E6%83%85%E4%BD%8E%E8%90%BD%23&t=31&band_rank=17&Refer=top, 169423
20,陈妤颉100米夺金,https://s.weibo.com/weibo?q=%E6%88%9A%E8%96%87%E9%80%A0%E5%9E%8B%20%E8%87%B4%E6%95%AC%E8%94%A1%E6%98%8E&t=31&band_rank=18&Refer=top, 168832
21,戚薇 用小推车推着走红毯,https://s.weibo.com/weibo?q=%23%E9%99%88%E5%A6%A4%E9%A2%89100%E7%B1%B3%E5%A4%BA%E9%87%91%23&t=31&band_rank=19&Refer=top, 167949
22,刘雯从头到尾又做错了什么,https://s.weibo.com/weibo?q=%E6%88%9A%E8%96%87%20%E7%94%A8%E5%B0%8F%E6%8E%A8%E8%BD%A6%E6%8E%A8%E7%9D%80%E8%B5%B0%E7%BA%A2%E6%AF%AF&t=31&band_rank=20&Refer=top, 167167
23,孙千倪妮独美,https://s.weibo.com/weibo?q=%23%E5%88%98%E9%9B%AF%E4%BB%8E%E5%A4%B4%E5%88%B0%E5%B0%BE%E5%8F%88%E5%81%9A%E9%94%99%E4%BA%86%E4%BB%80%E4%B9%88%23&t=31&band_rank=21&Refer=top, 166407
24,网友710万卖房签合同瞬间泪崩,https://s.weibo.com/weibo?q=%23%E5%AD%99%E5%8D%83%E5%80%AA%E5%A6%AE%E7%8B%AC%E7%BE%8E%23&t=31&band_rank=22&Refer=top, 165655
25,井柏然是井柏然luke是luke,https://s.weibo.com/weibo?q=%E7%BD%91%E5%8F%8B710%E4%B8%87%E5%8D%96%E6%88%BF%E7%AD%BE%E5%90%88%E5%90%8C%E7%9E%AC%E9%97%B4%E6%B3%AA%E5%B4%A9&t=31&band_rank=23&Refer=top, 165352
26,全身为什么面部皮肤看起来最差,https://s.weibo.com/weibo?q=%23%E4%BA%95%E6%9F%8F%E7%84%B6%E6%98%AF%E4%BA%95%E6%9F%8F%E7%84%B6luke%E6%98%AFluke%23&t=31&band_rank=24&Refer=top, 164409
27,田曦薇米兰g社生图,https://s.weibo.com/weibo?q=%23%E5%85%A8%E8%BA%AB%E4%B8%BA%E4%BB%80%E4%B9%88%E9%9D%A2%E9%83%A8%E7%9A%AE%E8%82%A4%E7%9C%8B%E8%B5%B7%E6%9D%A5%E6%9C%80%E5%B7%AE%23&t=31&band_rank=25&Refer=top, 163703
28,不要为付费过的关系提供情绪价值,https://s.weibo.com/weibo?q=%23%E7%94%B0%E6%9B%A6%E8%96%87%E7%B1%B3%E5%85%B0g%E7%A4%BE%E7%94%9F%E5%9B%BE%23&t=31&band_rank=26&Refer=top, 162934
29,小齐哥称刘宇宁翻唱后有压力,https://s.weibo.com/weibo?q=%E4%B8%8D%E8%A6%81%E4%B8%BA%E4%BB%98%E8%B4%B9%E8%BF%87%E7%9A%84%E5%85%B3%E7%B3%BB%E6%8F%90%E4%BE%9B%E6%83%85%E7%BB%AA%E4%BB%B7%E5%80%BC&t=31&band_rank=27&Refer=top,演出 162038
30,Luke身边一定有一位非常重要的女士,https://s.weibo.com/weibo?q=%E5%B0%8F%E9%BD%90%E5%93%A5%E7%A7%B0%E5%88%98%E5%AE%87%E5%AE%81%E7%BF%BB%E5%94%B1%E5%90%8E%E6%9C%89%E5%8E%8B%E5%8A%9B&t=31&band_rank=28&Refer=top, 161435
31,刘国梁看台静坐目睹失冠,https://s.weibo.com/weibo?q=%23Luke%E8%BA%AB%E8%BE%B9%E4%B8%80%E5%AE%9A%E6%9C%89%E4%B8%80%E4%BD%8D%E9%9D%9E%E5%B8%B8%E9%87%8D%E8%A6%81%E7%9A%84%E5%A5%B3%E5%A3%AB%23&t=31&band_rank=29&Refer=top, 160785
32,中美元首夫妇茶叙高清大图,https://s.weibo.com/weibo?q=%E5%88%98%E5%9B%BD%E6%A2%81%E7%9C%8B%E5%8F%B0%E9%9D%99%E5%9D%90%E7%9B%AE%E7%9D%B9%E5%A4%B1%E5%86%A0&t=31&band_rank=30&Refer=top, 160008
33,林锦岐用一根红绳跟许兰香约来世,https://s.weibo.com/weibo?q=%23%E4%B8%AD%E7%BE%8E%E5%85%83%E9%A6%96%E5%A4%AB%E5%A6%87%E8%8C%B6%E5%8F%99%E9%AB%98%E6%B8%85%E5%A4%A7%E5%9B%BE%23&t=31&band_rank=31&Refer=top,剧集 158820
34,英国母子游中国后想定居,https://s.weibo.com/weibo?q=%23%E6%9E%97%E9%94%A6%E5%B2%90%E7%94%A8%E4%B8%80%E6%A0%B9%E7%BA%A2%E7%BB%B3%E8%B7%9F%E8%AE%B8%E5%85%B0%E9%A6%99%E7%BA%A6%E6%9D%A5%E4%B8%96%23&t=31&band_rank=32&Refer=top, 158548
35,兰香如故BE,https://s.weibo.com/weibo?q=%E8%8B%B1%E5%9B%BD%E6%AF%8D%E5%AD%90%E6%B8%B8%E4%B8%AD%E5%9B%BD%E5%90%8E%E6%83%B3%E5%AE%9A%E5%B1%85&t=31&band_rank=33&Refer=top,剧集 157930
36,梅姨案被拐孩子钟彬被养父拉黑,https://s.weibo.com/weibo?q=%23%E5%85%B0%E9%A6%99%E5%A6%82%E6%95%85BE%23&t=31&band_rank=34&Refer=top, 157002
37,中国人在写死亡的时候出奇的神,https://s.weibo.com/weibo?q=%23%E6%A2%85%E5%A7%A8%E6%A1%88%E8%A2%AB%E6%8B%90%E5%AD%A9%E5%AD%90%E9%92%9F%E5%BD%AC%E8%A2%AB%E5%85%BB%E7%88%B6%E6%8B%89%E9%BB%91%23&t=31&band_rank=35&Refer=top, 156017
38,第一个想到这么拍月亮的人真是天才,https://s.weibo.com/weibo?q=%E4%B8%AD%E5%9B%BD%E4%BA%BA%E5%9C%A8%E5%86%99%E6%AD%BB%E4%BA%A1%E7%9A%84%E6%97%B6%E5%80%99%E5%87%BA%E5%A5%87%E7%9A%84%E7%A5%9E&t=31&band_rank=36&Refer=top, 155034
39,邓超提前上线卡点为孙俪庆生,https://s.weibo.com/weibo?q=%E7%AC%AC%E4%B8%80%E4%B8%AA%E6%83%B3%E5%88%B0%E8%BF%99%E4%B9%88%E6%8B%8D%E6%9C%88%E4%BA%AE%E7%9A%84%E4%BA%BA%E7%9C%9F%E6%98%AF%E5%A4%A9%E6%89%8D&t=31&band_rank=37&Refer=top, 154469
40,国乒男团 排兵布阵质疑,https://s.weibo.com/weibo?q=%23%E9%82%93%E8%B6%85%E6%8F%90%E5%89%8D%E4%B8%8A%E7%BA%BF%E5%8D%A1%E7%82%B9%E4%B8%BA%E5%AD%99%E4%BF%AA%E5%BA%86%E7%94%9F%23&t=31&band_rank=38&Refer=top, 154168
41,莎头组合再战亚运混双,https://s.weibo.com/weibo?q=%E5%9B%BD%E4%B9%92%E7%94%B7%E5%9B%A2%20%E6%8E%92%E5%85%B5%E5%B8%83%E9%98%B5%E8%B4%A8%E7%96%91&t=31&band_rank=39&Refer=top, 152923
42,特朗普说这次访问富有成效,https://s.weibo.com/weibo?q=%E8%8E%8E%E5%A4%B4%E7%BB%84%E5%90%88%E5%86%8D%E6%88%98%E4%BA%9A%E8%BF%90%E6%B7%B7%E5%8F%8C&t=31&band_rank=40&Refer=top, 152249
43,医院回应男子留观室自缢身亡,https://s.weibo.com/weibo?q=%23%E7%89%B9%E6%9C%97%E6%99%AE%E8%AF%B4%E8%BF%99%E6%AC%A1%E8%AE%BF%E9%97%AE%E5%AF%8C%E6%9C%89%E6%88%90%E6%95%88%23&t=31&band_rank=41&Refer=top, 151354
44,韩雨彤回复了张卓尔,https://s.weibo.com/weibo?q=%23%E5%8C%BB%E9%99%A2%E5%9B%9E%E5%BA%94%E7%94%B7%E5%AD%90%E7%95%99%E8%A7%82%E5%AE%A4%E8%87%AA%E7%BC%A2%E8%BA%AB%E4%BA%A1%23&t=31&band_rank=42&Refer=top, 150589
45,肖战小城良方完全不像演的,https://s.weibo.com/weibo?q=%23%E9%9F%A9%E9%9B%A8%E5%BD%A4%E5%9B%9E%E5%A4%8D%E4%BA%86%E5%BC%A0%E5%8D%93%E5%B0%94%23&t=31&band_rank=43&Refer=top,剧集 149730
46,93岁太姥爷辅导作业被气得文思泉涌,https://s.weibo.com/weibo?q=%23%E8%82%96%E6%88%98%E5%B0%8F%E5%9F%8E%E8%89%AF%E6%96%B9%E5%AE%8C%E5%85%A8%E4%B8%8D%E5%83%8F%E6%BC%94%E7%9A%84%23&t=31&band_rank=44&Refer=top, 149400
47,化妆师这个眼妆教学在海外火了,https://s.weibo.com/weibo?q=%2393%E5%B2%81%E5%A4%AA%E5%A7%A5%E7%88%B7%E8%BE%85%E5%AF%BC%E4%BD%9C%E4%B8%9A%E8%A2%AB%E6%B0%94%E5%BE%97%E6%96%87%E6%80%9D%E6%B3%89%E6%B6%8C%23&t=31&band_rank=45&Refer=top, 148342
48,严浩翔吃辣条吃美了,https://s.weibo.com/weibo?q=%23%E5%8C%96%E5%A6%86%E5%B8%88%E8%BF%99%E4%B8%AA%E7%9C%BC%E5%A6%86%E6%95%99%E5%AD%A6%E5%9C%A8%E6%B5%B7%E5%A4%96%E7%81%AB%E4%BA%86%23&t=31&band_rank=46&Refer=top, 147412
49,曝特斯拉Optimus产量提升了10倍,https://s.weibo.com/weibo?q=%23%E4%B8%A5%E6%B5%A9%E7%BF%94%E5%90%83%E8%BE%A3%E6%9D%A1%E5%90%83%E7%BE%8E%E4%BA%86%23&t=31&band_rank=47&Refer=top, 146765
50,中国游泳30金13银11铜收官,https://s.weibo.com/weibo?q=%23%E6%9B%9D%E7%89%B9%E6%96%AF%E6%8B%89Optimus%E4%BA%A7%E9%87%8F%E6%8F%90%E5%8D%87%E4%BA%8610%E5%80%8D%23&t=31&band_rank=48&Refer=top, 146637
51,宜宾地震 被晃醒,https://s.weibo.com/weibo?q=%23%E4%B8%AD%E5%9B%BD%E6%B8%B8%E6%B3%B330%E9%87%9113%E9%93%B611%E9%93%9C%E6%94%B6%E5%AE%98%23&t=31&band_rank=49&Refer=top, 145540
