排名,标题,链接,热点
1,故意考0分考生承认想当网红,https://s.weibo.com/weibo?q=%23%E4%B9%A0%E8%BF%91%E5%B9%B3%E5%A4%8D%E4%BF%A1%E7%BE%8E%E5%9B%BD%E8%82%AF%E6%81%A9%E5%A4%A7%E5%AD%A6%E6%A0%A1%E9%95%BF%E9%9B%B7%E6%B3%A2%E5%88%97%E7%89%B9%23&Refer=new_time, 1596604
2,李昊 磨洋工,https://s.weibo.com/weibo?q=%23%E6%95%85%E6%84%8F%E8%80%830%E5%88%86%E8%80%83%E7%94%9F%E6%89%BF%E8%AE%A4%E6%83%B3%E5%BD%93%E7%BD%91%E7%BA%A2%23&t=31&band_rank=1&Refer=top,音乐 1021427
3,中国有约,https://s.weibo.com/weibo?q=%E6%9D%8E%E6%98%8A%20%E7%A3%A8%E6%B4%8B%E5%B7%A5&t=31&band_rank=2&Refer=top, 689845
4,国足vs泰国,https://s.weibo.com/weibo?q=%23%E4%B8%AD%E5%9B%BD%E6%9C%89%E7%BA%A6%23&t=31&band_rank=3&Refer=top, 615908
5,张绍刚主持,https://s.weibo.com/weibo?q=%23%E5%9B%BD%E8%B6%B3vs%E6%B3%B0%E5%9B%BD%23&t=31&band_rank=4&Refer=top,综艺 550921
6,他只是做错题 又没有做错人,https://s.weibo.com/weibo?q=%E5%BC%A0%E7%BB%8D%E5%88%9A%E4%B8%BB%E6%8C%81&t=31&band_rank=5&Refer=top, 516914
7,孙千沙发变顺了,https://s.weibo.com/weibo?q=%E4%BB%96%E5%8F%AA%E6%98%AF%E5%81%9A%E9%94%99%E9%A2%98%20%E5%8F%88%E6%B2%A1%E6%9C%89%E5%81%9A%E9%94%99%E4%BA%BA&t=31&band_rank=6&Refer=top, 
8,捡废品考上清华的庞众望现状,https://s.weibo.comjavascript:void(0);, 513759
9,孟美岐榜字写错,https://s.weibo.com/weibo?q=%23%E6%8D%A1%E5%BA%9F%E5%93%81%E8%80%83%E4%B8%8A%E6%B8%85%E5%8D%8E%E7%9A%84%E5%BA%9E%E4%BC%97%E6%9C%9B%E7%8E%B0%E7%8A%B6%23&t=31&band_rank=7&Refer=top, 472411
10,医生建议1天最多吃250克樱桃,https://s.weibo.com/weibo?q=%23%E5%AD%9F%E7%BE%8E%E5%B2%90%E6%A6%9C%E5%AD%97%E5%86%99%E9%94%99%23&t=31&band_rank=8&Refer=top, 467628
11,近视矫正产品海报有多能吹,https://s.weibo.com/weibo?q=%23%E5%8C%BB%E7%94%9F%E5%BB%BA%E8%AE%AE1%E5%A4%A9%E6%9C%80%E5%A4%9A%E5%90%83250%E5%85%8B%E6%A8%B1%E6%A1%83%23&t=31&band_rank=9&Refer=top, 431892
12,楚乔传2没有赵丽颖林更新,https://s.weibo.com/weibo?q=%23%E8%BF%91%E8%A7%86%E7%9F%AB%E6%AD%A3%E4%BA%A7%E5%93%81%E6%B5%B7%E6%8A%A5%E6%9C%89%E5%A4%9A%E8%83%BD%E5%90%B9%23&t=31&band_rank=10&Refer=top,剧集 430526
13,种地吧,https://s.weibo.com/weibo?q=%23%E6%A5%9A%E4%B9%94%E4%BC%A02%E6%B2%A1%E6%9C%89%E8%B5%B5%E4%B8%BD%E9%A2%96%E6%9E%97%E6%9B%B4%E6%96%B0%23&t=31&band_rank=11&Refer=top,综艺 401110
14,撒贝宁何炅李健 吉祥三保,https://s.weibo.com/weibo?q=%E7%A7%8D%E5%9C%B0%E5%90%A7&t=31&band_rank=12&Refer=top, 390978
15,国足首发,https://s.weibo.com/weibo?q=%E6%92%92%E8%B4%9D%E5%AE%81%E4%BD%95%E7%82%85%E6%9D%8E%E5%81%A5%20%E5%90%89%E7%A5%A5%E4%B8%89%E4%BF%9D&t=31&band_rank=13&Refer=top, 361857
16,种地吧第二届感恩音乐会,https://s.weibo.com/weibo?q=%E5%9B%BD%E8%B6%B3%E9%A6%96%E5%8F%91&t=31&band_rank=14&Refer=top,综艺 349796
17,玫瑰的故事定档,https://s.weibo.com/weibo?q=%23%E7%A7%8D%E5%9C%B0%E5%90%A7%E7%AC%AC%E4%BA%8C%E5%B1%8A%E6%84%9F%E6%81%A9%E9%9F%B3%E4%B9%90%E4%BC%9A%23&t=31&band_rank=15&Refer=top,剧集 348331
18,2024祝福高考学子,https://s.weibo.com/weibo?q=%23%E7%8E%AB%E7%91%B0%E7%9A%84%E6%95%85%E4%BA%8B%E5%AE%9A%E6%A1%A3%23&t=31&band_rank=16&Refer=top, 346680
19,种地吧直播 破防,https://s.weibo.com/weibo?q=%232024%E7%A5%9D%E7%A6%8F%E9%AB%98%E8%80%83%E5%AD%A6%E5%AD%90%23&t=31&band_rank=17&Refer=top,综艺 339501
20,人体最先衰老的器官是什么,https://s.weibo.com/weibo?q=%E7%A7%8D%E5%9C%B0%E5%90%A7%E7%9B%B4%E6%92%AD%20%E7%A0%B4%E9%98%B2&t=31&band_rank=18&Refer=top, 260643
21,我和专八离婚了,https://s.weibo.com/weibo?q=%23%E4%BA%BA%E4%BD%93%E6%9C%80%E5%85%88%E8%A1%B0%E8%80%81%E7%9A%84%E5%99%A8%E5%AE%98%E6%98%AF%E4%BB%80%E4%B9%88%23&t=31&band_rank=19&Refer=top, 199599
22,徐娇五分钟两次五杀,https://s.weibo.com/weibo?q=%E6%88%91%E5%92%8C%E4%B8%93%E5%85%AB%E7%A6%BB%E5%A9%9A%E4%BA%86&t=31&band_rank=20&Refer=top, 197945
23,张若昀 留档期,https://s.weibo.com/weibo?q=%23%E5%BE%90%E5%A8%87%E4%BA%94%E5%88%86%E9%92%9F%E4%B8%A4%E6%AC%A1%E4%BA%94%E6%9D%80%23&t=31&band_rank=21&Refer=top, 193566
24,李玟遗作将公开,https://s.weibo.com/weibo?q=%E5%BC%A0%E8%8B%A5%E6%98%80%20%E7%95%99%E6%A1%A3%E6%9C%9F&t=31&band_rank=22&Refer=top,音乐 190285
25,赵一博现场,https://s.weibo.com/weibo?q=%23%E6%9D%8E%E7%8E%9F%E9%81%97%E4%BD%9C%E5%B0%86%E5%85%AC%E5%BC%80%23&t=31&band_rank=23&Refer=top, 185241
26,福宝到邻居家串门了,https://s.weibo.com/weibo?q=%23%E8%B5%B5%E4%B8%80%E5%8D%9A%E7%8E%B0%E5%9C%BA%23&t=31&band_rank=24&Refer=top, 183910
27,鹭卓舞台,https://s.weibo.com/weibo?q=%23%E7%A6%8F%E5%AE%9D%E5%88%B0%E9%82%BB%E5%B1%85%E5%AE%B6%E4%B8%B2%E9%97%A8%E4%BA%86%23&t=31&band_rank=25&Refer=top,综艺 183808
28,华晨宇翻牌,https://s.weibo.com/weibo?q=%E9%B9%AD%E5%8D%93%E8%88%9E%E5%8F%B0&t=31&band_rank=26&Refer=top,演出 181831
29,孟美岐自罚一百遍金榜题名,https://s.weibo.com/weibo?q=%E5%8D%8E%E6%99%A8%E5%AE%87%E7%BF%BB%E7%89%8C&t=31&band_rank=27&Refer=top, 177931
30,肖战晒老家日常,https://s.weibo.com/weibo?q=%23%E5%AD%9F%E7%BE%8E%E5%B2%90%E8%87%AA%E7%BD%9A%E4%B8%80%E7%99%BE%E9%81%8D%E9%87%91%E6%A6%9C%E9%A2%98%E5%90%8D%23&t=31&band_rank=28&Refer=top, 177291
31,高考前一夜你想对考生说什么,https://s.weibo.com/weibo?q=%23%E8%82%96%E6%88%98%E6%99%92%E8%80%81%E5%AE%B6%E6%97%A5%E5%B8%B8%23&t=31&band_rank=29&Refer=top, 172760
32,2008年故意考0分考生重上考场,https://s.weibo.com/weibo?q=%23%E9%AB%98%E8%80%83%E5%89%8D%E4%B8%80%E5%A4%9C%E4%BD%A0%E6%83%B3%E5%AF%B9%E8%80%83%E7%94%9F%E8%AF%B4%E4%BB%80%E4%B9%88%23&t=31&band_rank=30&Refer=top, 170415
33,看不见影子的少年,https://s.weibo.com/weibo?q=%232008%E5%B9%B4%E6%95%85%E6%84%8F%E8%80%830%E5%88%86%E8%80%83%E7%94%9F%E9%87%8D%E4%B8%8A%E8%80%83%E5%9C%BA%23&t=31&band_rank=31&Refer=top,剧集 170225
34,赵小童披风,https://s.weibo.com/weibo?q=%E7%9C%8B%E4%B8%8D%E8%A7%81%E5%BD%B1%E5%AD%90%E7%9A%84%E5%B0%91%E5%B9%B4&t=31&band_rank=32&Refer=top, 167959
35,女生路上被中年男吐痰,https://s.weibo.com/weibo?q=%23%E8%B5%B5%E5%B0%8F%E7%AB%A5%E6%8A%AB%E9%A3%8E%23&t=31&band_rank=33&Refer=top, 165696
36,Faker新皮肤国服售价最高达3999元,https://s.weibo.com/weibo?q=%E5%A5%B3%E7%94%9F%E8%B7%AF%E4%B8%8A%E8%A2%AB%E4%B8%AD%E5%B9%B4%E7%94%B7%E5%90%90%E7%97%B0&t=31&band_rank=34&Refer=top, 161168
37,餐厅倒闭老板留下6只企鹅跑路,https://s.weibo.com/weibo?q=%23Faker%E6%96%B0%E7%9A%AE%E8%82%A4%E5%9B%BD%E6%9C%8D%E5%94%AE%E4%BB%B7%E6%9C%80%E9%AB%98%E8%BE%BE3999%E5%85%83%23&t=31&band_rank=35&Refer=top, 157094
38,李荣浩连续9年说都给我好好考,https://s.weibo.com/weibo?q=%23%E9%A4%90%E5%8E%85%E5%80%92%E9%97%AD%E8%80%81%E6%9D%BF%E7%95%99%E4%B8%8B6%E5%8F%AA%E4%BC%81%E9%B9%85%E8%B7%91%E8%B7%AF%23&t=31&band_rank=36&Refer=top, 151127
39,周杰伦 当年我也是歌火人不火,https://s.weibo.com/weibo?q=%23%E6%9D%8E%E8%8D%A3%E6%B5%A9%E8%BF%9E%E7%BB%AD9%E5%B9%B4%E8%AF%B4%E9%83%BD%E7%BB%99%E6%88%91%E5%A5%BD%E5%A5%BD%E8%80%83%23&t=31&band_rank=37&Refer=top, 148064
40,高考前焦虑睡不着怎么办,https://s.weibo.com/weibo?q=%E5%91%A8%E6%9D%B0%E4%BC%A6%20%E5%BD%93%E5%B9%B4%E6%88%91%E4%B9%9F%E6%98%AF%E6%AD%8C%E7%81%AB%E4%BA%BA%E4%B8%8D%E7%81%AB&t=31&band_rank=38&Refer=top, 132466
41,A股全市仅500余只个股上涨,https://s.weibo.com/weibo?q=%23%E9%AB%98%E8%80%83%E5%89%8D%E7%84%A6%E8%99%91%E7%9D%A1%E4%B8%8D%E7%9D%80%E6%80%8E%E4%B9%88%E5%8A%9E%23&t=31&band_rank=39&Refer=top, 131133
42,祖母对姜梨的爱是有前提条件的,https://s.weibo.com/weibo?q=%23A%E8%82%A1%E5%85%A8%E5%B8%82%E4%BB%85500%E4%BD%99%E5%8F%AA%E4%B8%AA%E8%82%A1%E4%B8%8A%E6%B6%A8%23&t=31&band_rank=40&Refer=top, 130888
43,孟子义已经退出华语乐坛三个月,https://s.weibo.com/weibo?q=%E7%A5%96%E6%AF%8D%E5%AF%B9%E5%A7%9C%E6%A2%A8%E7%9A%84%E7%88%B1%E6%98%AF%E6%9C%89%E5%89%8D%E6%8F%90%E6%9D%A1%E4%BB%B6%E7%9A%84&t=31&band_rank=41&Refer=top,综艺 129895
44,大学生全款拿下28平小公寓,https://s.weibo.com/weibo?q=%23%E5%AD%9F%E5%AD%90%E4%B9%89%E5%B7%B2%E7%BB%8F%E9%80%80%E5%87%BA%E5%8D%8E%E8%AF%AD%E4%B9%90%E5%9D%9B%E4%B8%89%E4%B8%AA%E6%9C%88%23&t=31&band_rank=42&Refer=top, 128361
45,于适王影璐新片又有病又有爱的,https://s.weibo.com/weibo?q=%23%E5%A4%A7%E5%AD%A6%E7%94%9F%E5%85%A8%E6%AC%BE%E6%8B%BF%E4%B8%8B28%E5%B9%B3%E5%B0%8F%E5%85%AC%E5%AF%93%23&t=31&band_rank=43&Refer=top,电影 126866
46,弟弟的荣誉 哥哥的脸面,https://s.weibo.com/weibo?q=%23%E4%BA%8E%E9%80%82%E7%8E%8B%E5%BD%B1%E7%92%90%E6%96%B0%E7%89%87%E5%8F%88%E6%9C%89%E7%97%85%E5%8F%88%E6%9C%89%E7%88%B1%E7%9A%84%23&t=31&band_rank=44&Refer=top, 122444
47,肖战为玉骨遥在霓虹宣传的口播,https://s.weibo.com/weibo?q=%E5%BC%9F%E5%BC%9F%E7%9A%84%E8%8D%A3%E8%AA%89%20%E5%93%A5%E5%93%A5%E7%9A%84%E8%84%B8%E9%9D%A2&t=31&band_rank=45&Refer=top,剧集 116846
48,亚马逊部落通网后沉迷色情,https://s.weibo.com/weibo?q=%23%E8%82%96%E6%88%98%E4%B8%BA%E7%8E%89%E9%AA%A8%E9%81%A5%E5%9C%A8%E9%9C%93%E8%99%B9%E5%AE%A3%E4%BC%A0%E7%9A%84%E5%8F%A3%E6%92%AD%23&t=31&band_rank=46&Refer=top, 109881
49,高考加油,https://s.weibo.com/weibo?q=%23%E4%BA%9A%E9%A9%AC%E9%80%8A%E9%83%A8%E8%90%BD%E9%80%9A%E7%BD%91%E5%90%8E%E6%B2%89%E8%BF%B7%E8%89%B2%E6%83%85%23&t=31&band_rank=47&Refer=top, 109685
50,刘亦菲笑倒在万茜身上,https://s.weibo.com/weibo?q=%E9%AB%98%E8%80%83%E5%8A%A0%E6%B2%B9&t=31&band_rank=48&Refer=top, 105579
51,C罗克罗斯莫德里奇欧洲杯最后一届了,https://s.weibo.com/weibo?q=%23%E5%88%98%E4%BA%A6%E8%8F%B2%E7%AC%91%E5%80%92%E5%9C%A8%E4%B8%87%E8%8C%9C%E8%BA%AB%E4%B8%8A%23&t=31&band_rank=49&Refer=top, 104792
