热搜排名,热搜标题,标签,是否置顶,链接地址,热度类型
1,3600亿元！8家中央金融企业大动作,热,否,https://m.baidu.com/s?word=3600%E4%BA%BF%E5%85%83%EF%BC%818%E5%AE%B6%E4%B8%AD%E5%A4%AE%E9%87%91%E8%9E%8D%E4%BC%81%E4%B8%9A%E5%A4%A7%E5%8A%A8%E4%BD%9C&sa=fyb_news,HOT
2,小区禁止新能源汽车进地库 律师解读,新,否,https://m.baidu.com/s?word=%E5%B0%8F%E5%8C%BA%E7%A6%81%E6%AD%A2%E6%96%B0%E8%83%BD%E6%BA%90%E6%B1%BD%E8%BD%A6%E8%BF%9B%E5%9C%B0%E5%BA%93+%E5%BE%8B%E5%B8%88%E8%A7%A3%E8%AF%BB&sa=fyb_news,NEW
3,相约“青春华章”,,否,https://m.baidu.com/s?word=%E7%9B%B8%E7%BA%A6%E2%80%9C%E9%9D%92%E6%98%A5%E5%8D%8E%E7%AB%A0%E2%80%9D&sa=fyb_news,NORMAL
4,微塑料 10大日用品,新,否,https://m.baidu.com/s?word=%E5%BE%AE%E5%A1%91%E6%96%99+10%E5%A4%A7%E6%97%A5%E7%94%A8%E5%93%81&sa=fyb_news,NEW
5,救援人员因害怕 放下灭火器后逃离,热,否,https://m.baidu.com/s?word=%E6%95%91%E6%8F%B4%E4%BA%BA%E5%91%98%E5%9B%A0%E5%AE%B3%E6%80%95+%E6%94%BE%E4%B8%8B%E7%81%AD%E7%81%AB%E5%99%A8%E5%90%8E%E9%80%83%E7%A6%BB&sa=fyb_news,HOT
6,爷爷提前剪葫芦是给流量的一记耳光,热,否,https://m.baidu.com/s?word=%E7%88%B7%E7%88%B7%E6%8F%90%E5%89%8D%E5%89%AA%E8%91%AB%E8%8A%A6%E6%98%AF%E7%BB%99%E6%B5%81%E9%87%8F%E7%9A%84%E4%B8%80%E8%AE%B0%E8%80%B3%E5%85%89&sa=fyb_news,HOT
7,赴港看演唱会被取消低保？当地回应,,否,https://m.baidu.com/s?word=%E8%B5%B4%E6%B8%AF%E7%9C%8B%E6%BC%94%E5%94%B1%E4%BC%9A%E8%A2%AB%E5%8F%96%E6%B6%88%E4%BD%8E%E4%BF%9D%EF%BC%9F%E5%BD%93%E5%9C%B0%E5%9B%9E%E5%BA%94&sa=fyb_news,NORMAL
8,总被蚊子盯上难道真是血型惹的祸,,否,https://m.baidu.com/s?word=%E6%80%BB%E8%A2%AB%E8%9A%8A%E5%AD%90%E7%9B%AF%E4%B8%8A%E9%9A%BE%E9%81%93%E7%9C%9F%E6%98%AF%E8%A1%80%E5%9E%8B%E6%83%B9%E7%9A%84%E7%A5%B8&sa=fyb_news,NORMAL
9,同名同姓同年同月同日生同校同专业,,否,https://m.baidu.com/s?word=%E5%90%8C%E5%90%8D%E5%90%8C%E5%A7%93%E5%90%8C%E5%B9%B4%E5%90%8C%E6%9C%88%E5%90%8C%E6%97%A5%E7%94%9F%E5%90%8C%E6%A0%A1%E5%90%8C%E4%B8%93%E4%B8%9A&sa=fyb_news,NORMAL
10,滕王阁 终身免费票,,否,https://m.baidu.com/s?word=%E6%BB%95%E7%8E%8B%E9%98%81+%E7%BB%88%E8%BA%AB%E5%85%8D%E8%B4%B9%E7%A5%A8&sa=fyb_news,NORMAL
11,“一吨旧手机提炼200克黄金”不实,,否,https://m.baidu.com/s?word=%E2%80%9C%E4%B8%80%E5%90%A8%E6%97%A7%E6%89%8B%E6%9C%BA%E6%8F%90%E7%82%BC200%E5%85%8B%E9%BB%84%E9%87%91%E2%80%9D%E4%B8%8D%E5%AE%9E&sa=fyb_news,NORMAL
12,多地严查赵一鸣、好想来等,热,否,https://m.baidu.com/s?word=%E5%A4%9A%E5%9C%B0%E4%B8%A5%E6%9F%A5%E8%B5%B5%E4%B8%80%E9%B8%A3%E3%80%81%E5%A5%BD%E6%83%B3%E6%9D%A5%E7%AD%89&sa=fyb_news,HOT
13,安徽 新“五子登科”,,否,https://m.baidu.com/s?word=%E5%AE%89%E5%BE%BD+%E6%96%B0%E2%80%9C%E4%BA%94%E5%AD%90%E7%99%BB%E7%A7%91%E2%80%9D&sa=fyb_news,NORMAL
14,为啥大家不穿皮鞋了,,否,https://m.baidu.com/s?word=%E4%B8%BA%E5%95%A5%E5%A4%A7%E5%AE%B6%E4%B8%8D%E7%A9%BF%E7%9A%AE%E9%9E%8B%E4%BA%86&sa=fyb_news,NORMAL
15,“东山再起”的东山在哪,,否,https://m.baidu.com/s?word=%E2%80%9C%E4%B8%9C%E5%B1%B1%E5%86%8D%E8%B5%B7%E2%80%9D%E7%9A%84%E4%B8%9C%E5%B1%B1%E5%9C%A8%E5%93%AA&sa=fyb_news,NORMAL
16,女子家中十万元现金悄悄“缩水”,,否,https://m.baidu.com/s?word=%E5%A5%B3%E5%AD%90%E5%AE%B6%E4%B8%AD%E5%8D%81%E4%B8%87%E5%85%83%E7%8E%B0%E9%87%91%E6%82%84%E6%82%84%E2%80%9C%E7%BC%A9%E6%B0%B4%E2%80%9D&sa=fyb_news,NORMAL
17,人民日报：劳动教育岂能“代劳”,,否,https://m.baidu.com/s?word=%E4%BA%BA%E6%B0%91%E6%97%A5%E6%8A%A5%EF%BC%9A%E5%8A%B3%E5%8A%A8%E6%95%99%E8%82%B2%E5%B2%82%E8%83%BD%E2%80%9C%E4%BB%A3%E5%8A%B3%E2%80%9D&sa=fyb_news,NORMAL
18,抗癌博主离世曾忠告年轻人不要熬夜,,否,https://m.baidu.com/s?word=%E6%8A%97%E7%99%8C%E5%8D%9A%E4%B8%BB%E7%A6%BB%E4%B8%96%E6%9B%BE%E5%BF%A0%E5%91%8A%E5%B9%B4%E8%BD%BB%E4%BA%BA%E4%B8%8D%E8%A6%81%E7%86%AC%E5%A4%9C&sa=fyb_news,NORMAL
19,内蒙古婚内强奸案最新进展,,否,https://m.baidu.com/s?word=%E5%86%85%E8%92%99%E5%8F%A4%E5%A9%9A%E5%86%85%E5%BC%BA%E5%A5%B8%E6%A1%88%E6%9C%80%E6%96%B0%E8%BF%9B%E5%B1%95&sa=fyb_news,NORMAL
20,8家中央金融企业迎来增资 有何考量,新,否,https://m.baidu.com/s?word=8%E5%AE%B6%E4%B8%AD%E5%A4%AE%E9%87%91%E8%9E%8D%E4%BC%81%E4%B8%9A%E8%BF%8E%E6%9D%A5%E5%A2%9E%E8%B5%84+%E6%9C%89%E4%BD%95%E8%80%83%E9%87%8F&sa=fyb_news,NEW
21,张纪中妻子备孕5胎,,否,https://m.baidu.com/s?word=%E5%BC%A0%E7%BA%AA%E4%B8%AD%E5%A6%BB%E5%AD%90%E5%A4%87%E5%AD%955%E8%83%8E&sa=fyb_news,NORMAL
22,大学生开学装备两极分化引热议,热,否,https://m.baidu.com/s?word=%E5%A4%A7%E5%AD%A6%E7%94%9F%E5%BC%80%E5%AD%A6%E8%A3%85%E5%A4%87%E4%B8%A4%E6%9E%81%E5%88%86%E5%8C%96%E5%BC%95%E7%83%AD%E8%AE%AE&sa=fyb_news,HOT
23,女子怀孕后工资从8000调到3000,热,否,https://m.baidu.com/s?word=%E5%A5%B3%E5%AD%90%E6%80%80%E5%AD%95%E5%90%8E%E5%B7%A5%E8%B5%84%E4%BB%8E8000%E8%B0%83%E5%88%B03000&sa=fyb_news,HOT
24,“合肥沈腾”走红 街头卖徐福炒饭,热,否,https://m.baidu.com/s?word=%E2%80%9C%E5%90%88%E8%82%A5%E6%B2%88%E8%85%BE%E2%80%9D%E8%B5%B0%E7%BA%A2+%E8%A1%97%E5%A4%B4%E5%8D%96%E5%BE%90%E7%A6%8F%E7%82%92%E9%A5%AD&sa=fyb_news,HOT
25,他姓吴 他有四个爷爷都叫黄先彬,,否,https://m.baidu.com/s?word=%E4%BB%96%E5%A7%93%E5%90%B4+%E4%BB%96%E6%9C%89%E5%9B%9B%E4%B8%AA%E7%88%B7%E7%88%B7%E9%83%BD%E5%8F%AB%E9%BB%84%E5%85%88%E5%BD%AC&sa=fyb_news,NORMAL
26,航拍江西遂川泥石流受灾一线,,否,https://m.baidu.com/s?word=%E8%88%AA%E6%8B%8D%E6%B1%9F%E8%A5%BF%E9%81%82%E5%B7%9D%E6%B3%A5%E7%9F%B3%E6%B5%81%E5%8F%97%E7%81%BE%E4%B8%80%E7%BA%BF&sa=fyb_news,NORMAL
27,陈妍希和儿子因一顿饭起争执,,否,https://m.baidu.com/s?word=%E9%99%88%E5%A6%8D%E5%B8%8C%E5%92%8C%E5%84%BF%E5%AD%90%E5%9B%A0%E4%B8%80%E9%A1%BF%E9%A5%AD%E8%B5%B7%E4%BA%89%E6%89%A7&sa=fyb_news,NORMAL
28,女孩吸食“笑气” 父亲含泪举报,,否,https://m.baidu.com/s?word=%E5%A5%B3%E5%AD%A9%E5%90%B8%E9%A3%9F%E2%80%9C%E7%AC%91%E6%B0%94%E2%80%9D+%E7%88%B6%E4%BA%B2%E5%90%AB%E6%B3%AA%E4%B8%BE%E6%8A%A5&sa=fyb_news,NORMAL
29,3次被偷兰花 店主气得手绘肖像警告,,否,https://m.baidu.com/s?word=3%E6%AC%A1%E8%A2%AB%E5%81%B7%E5%85%B0%E8%8A%B1+%E5%BA%97%E4%B8%BB%E6%B0%94%E5%BE%97%E6%89%8B%E7%BB%98%E8%82%96%E5%83%8F%E8%AD%A6%E5%91%8A&sa=fyb_news,NORMAL
30,买“电动自行车”上路成“电摩”,新,否,https://m.baidu.com/s?word=%E4%B9%B0%E2%80%9C%E7%94%B5%E5%8A%A8%E8%87%AA%E8%A1%8C%E8%BD%A6%E2%80%9D%E4%B8%8A%E8%B7%AF%E6%88%90%E2%80%9C%E7%94%B5%E6%91%A9%E2%80%9D&sa=fyb_news,NEW
31,中国人为啥老说“多喝热水”,,否,https://m.baidu.com/s?word=%E4%B8%AD%E5%9B%BD%E4%BA%BA%E4%B8%BA%E5%95%A5%E8%80%81%E8%AF%B4%E2%80%9C%E5%A4%9A%E5%96%9D%E7%83%AD%E6%B0%B4%E2%80%9D&sa=fyb_news,NORMAL
32,大学新生 生活费,新,否,https://m.baidu.com/s?word=%E5%A4%A7%E5%AD%A6%E6%96%B0%E7%94%9F+%E7%94%9F%E6%B4%BB%E8%B4%B9&sa=fyb_news,NEW
33,古天乐发文回应讨债风波,,否,https://m.baidu.com/s?word=%E5%8F%A4%E5%A4%A9%E4%B9%90%E5%8F%91%E6%96%87%E5%9B%9E%E5%BA%94%E8%AE%A8%E5%80%BA%E9%A3%8E%E6%B3%A2&sa=fyb_news,NORMAL
34,《甄嬛传》“温宜公主”回应北电落榜,新,否,https://m.baidu.com/s?word=%E3%80%8A%E7%94%84%E5%AC%9B%E4%BC%A0%E3%80%8B%E2%80%9C%E6%B8%A9%E5%AE%9C%E5%85%AC%E4%B8%BB%E2%80%9D%E5%9B%9E%E5%BA%94%E5%8C%97%E7%94%B5%E8%90%BD%E6%A6%9C&sa=fyb_news,NEW
35,China GT就碰撞起火事故致歉,,否,https://m.baidu.com/s?word=China+GT%E5%B0%B1%E7%A2%B0%E6%92%9E%E8%B5%B7%E7%81%AB%E4%BA%8B%E6%95%85%E8%87%B4%E6%AD%89&sa=fyb_news,NORMAL
36,为什么没人喝猪奶,,否,https://m.baidu.com/s?word=%E4%B8%BA%E4%BB%80%E4%B9%88%E6%B2%A1%E4%BA%BA%E5%96%9D%E7%8C%AA%E5%A5%B6&sa=fyb_news,NORMAL
37,民警“散装英语”被迫上线,,否,https://m.baidu.com/s?word=%E6%B0%91%E8%AD%A6%E2%80%9C%E6%95%A3%E8%A3%85%E8%8B%B1%E8%AF%AD%E2%80%9D%E8%A2%AB%E8%BF%AB%E4%B8%8A%E7%BA%BF&sa=fyb_news,NORMAL
38,千万别囤这种外卖保温袋,,否,https://m.baidu.com/s?word=%E5%8D%83%E4%B8%87%E5%88%AB%E5%9B%A4%E8%BF%99%E7%A7%8D%E5%A4%96%E5%8D%96%E4%BF%9D%E6%B8%A9%E8%A2%8B&sa=fyb_news,NORMAL
39,北京可能没有Luke 遍地都是尚之桃,,否,https://m.baidu.com/s?word=%E5%8C%97%E4%BA%AC%E5%8F%AF%E8%83%BD%E6%B2%A1%E6%9C%89Luke+%E9%81%8D%E5%9C%B0%E9%83%BD%E6%98%AF%E5%B0%9A%E4%B9%8B%E6%A1%83&sa=fyb_news,NORMAL
40,尿酸高的人适当多喝这3种粥,,否,https://m.baidu.com/s?word=%E5%B0%BF%E9%85%B8%E9%AB%98%E7%9A%84%E4%BA%BA%E9%80%82%E5%BD%93%E5%A4%9A%E5%96%9D%E8%BF%993%E7%A7%8D%E7%B2%A5&sa=fyb_news,NORMAL
41,莫迪：印度将办令世界惊叹的奥运会,,否,https://m.baidu.com/s?word=%E8%8E%AB%E8%BF%AA%EF%BC%9A%E5%8D%B0%E5%BA%A6%E5%B0%86%E5%8A%9E%E4%BB%A4%E4%B8%96%E7%95%8C%E6%83%8A%E5%8F%B9%E7%9A%84%E5%A5%A5%E8%BF%90%E4%BC%9A&sa=fyb_news,NORMAL
42,财政部570亿增资三家保险公司,新,否,https://m.baidu.com/s?word=%E8%B4%A2%E6%94%BF%E9%83%A8570%E4%BA%BF%E5%A2%9E%E8%B5%84%E4%B8%89%E5%AE%B6%E4%BF%9D%E9%99%A9%E5%85%AC%E5%8F%B8&sa=fyb_news,NEW
43,除了惊天逆转 郑钦文还有高情商发言,新,否,https://m.baidu.com/s?word=%E9%99%A4%E4%BA%86%E6%83%8A%E5%A4%A9%E9%80%86%E8%BD%AC+%E9%83%91%E9%92%A6%E6%96%87%E8%BF%98%E6%9C%89%E9%AB%98%E6%83%85%E5%95%86%E5%8F%91%E8%A8%80&sa=fyb_news,NEW
44,葫芦娃爷爷奶奶看网友评论感动落泪,,否,https://m.baidu.com/s?word=%E8%91%AB%E8%8A%A6%E5%A8%83%E7%88%B7%E7%88%B7%E5%A5%B6%E5%A5%B6%E7%9C%8B%E7%BD%91%E5%8F%8B%E8%AF%84%E8%AE%BA%E6%84%9F%E5%8A%A8%E8%90%BD%E6%B3%AA&sa=fyb_news,NORMAL
45,工作日35.9元不限时 拼豆店越开越多,,否,https://m.baidu.com/s?word=%E5%B7%A5%E4%BD%9C%E6%97%A535.9%E5%85%83%E4%B8%8D%E9%99%90%E6%97%B6+%E6%8B%BC%E8%B1%86%E5%BA%97%E8%B6%8A%E5%BC%80%E8%B6%8A%E5%A4%9A&sa=fyb_news,NORMAL
46,内蒙古贺兰山发现6个新物种,新,否,https://m.baidu.com/s?word=%E5%86%85%E8%92%99%E5%8F%A4%E8%B4%BA%E5%85%B0%E5%B1%B1%E5%8F%91%E7%8E%B06%E4%B8%AA%E6%96%B0%E7%89%A9%E7%A7%8D&sa=fyb_news,NEW
47,海口楼市重要调整,新,否,https://m.baidu.com/s?word=%E6%B5%B7%E5%8F%A3%E6%A5%BC%E5%B8%82%E9%87%8D%E8%A6%81%E8%B0%83%E6%95%B4&sa=fyb_news,NEW
48,江西遂川地质灾害遇难人数增至4人,,否,https://m.baidu.com/s?word=%E6%B1%9F%E8%A5%BF%E9%81%82%E5%B7%9D%E5%9C%B0%E8%B4%A8%E7%81%BE%E5%AE%B3%E9%81%87%E9%9A%BE%E4%BA%BA%E6%95%B0%E5%A2%9E%E8%87%B34%E4%BA%BA&sa=fyb_news,NORMAL
49,关晓彤 心疼你都有时差,,否,https://m.baidu.com/s?word=%E5%85%B3%E6%99%93%E5%BD%A4+%E5%BF%83%E7%96%BC%E4%BD%A0%E9%83%BD%E6%9C%89%E6%97%B6%E5%B7%AE&sa=fyb_news,NORMAL
50,开学典礼上北航校长深深鞠了一躬,,否,https://m.baidu.com/s?word=%E5%BC%80%E5%AD%A6%E5%85%B8%E7%A4%BC%E4%B8%8A%E5%8C%97%E8%88%AA%E6%A0%A1%E9%95%BF%E6%B7%B1%E6%B7%B1%E9%9E%A0%E4%BA%86%E4%B8%80%E8%BA%AC&sa=fyb_news,NORMAL
0,迎头赶上 奋起直追 力争超越,,是,https://m.baidu.com/s?word=%E8%BF%8E%E5%A4%B4%E8%B5%B6%E4%B8%8A+%E5%A5%8B%E8%B5%B7%E7%9B%B4%E8%BF%BD+%E5%8A%9B%E4%BA%89%E8%B6%85%E8%B6%8A&sa=fyb_news,NORMAL
