热搜排名,热搜标题,描述,热搜指数,链接地址,封图链接
0,开创国防和军队现代化新局面,如期实现建军一百年奋斗目标，加快把人民军队建成世界一流军队，是全面建设社会主义现代化国家的战略要求。,4988901,https://m.baidu.com/s?word=%E5%BC%80%E5%88%9B%E5%9B%BD%E9%98%B2%E5%92%8C%E5%86%9B%E9%98%9F%E7%8E%B0%E4%BB%A3%E5%8C%96%E6%96%B0%E5%B1%80%E9%9D%A2&sa=fyb_news,https://fyb-2.cdn.bcebos.com/hotboard_image/0e324f7496d75853ee9a7ea64e6290f9
1,潘展乐100米自由泳破世界纪录夺金,北京时间8月1日凌晨，巴黎奥运会男子100米自由泳决赛，中国选手潘展乐破世界纪录夺金。,4973031,https://m.baidu.com/s?word=%E6%BD%98%E5%B1%95%E4%B9%90100%E7%B1%B3%E8%87%AA%E7%94%B1%E6%B3%B3%E7%A0%B4%E4%B8%96%E7%95%8C%E7%BA%AA%E5%BD%95%E5%A4%BA%E9%87%91&sa=fyb_news,https://fyb-2.cdn.bcebos.com/hotboard_image/9c568a1f85f6e158628be9afeb99954d
2,潘展乐说对手有点看不起我们,巴黎奥运会男子100米自由泳决赛，潘展乐以46秒40的成绩打破世界纪录夺金。赛后他接受采访时表示对手之前有点看不起中国队。,4865342,https://m.baidu.com/s?word=%E6%BD%98%E5%B1%95%E4%B9%90%E8%AF%B4%E5%AF%B9%E6%89%8B%E6%9C%89%E7%82%B9%E7%9C%8B%E4%B8%8D%E8%B5%B7%E6%88%91%E4%BB%AC&sa=fyb_news,https://fyb-2.cdn.bcebos.com/hotboard_image/3fcbb8f34b465d28c5429713deef461f
3,致敬！风雨中的他们,在防汛抢险一线，有一种亲切，叫人民子弟兵，有一种感动，叫军民鱼水情。风雨中的他们为受灾群众早日重建家园而努力奋战。,4707662,https://m.baidu.com/s?word=%E8%87%B4%E6%95%AC%EF%BC%81%E9%A3%8E%E9%9B%A8%E4%B8%AD%E7%9A%84%E4%BB%96%E4%BB%AC&sa=fyb_news,https://fyb-2.cdn.bcebos.com/hotboard_image/0da5ba264151997bee53a3692c6ae112
4,体操男子个人全能中国收获一银一铜,北京时间8月1日凌晨，巴黎奥运会竞技体操男子全能决赛，中国选手张博恒夺得银牌，肖若腾夺得铜牌。,4600082,https://m.baidu.com/s?word=%E4%BD%93%E6%93%8D%E7%94%B7%E5%AD%90%E4%B8%AA%E4%BA%BA%E5%85%A8%E8%83%BD%E4%B8%AD%E5%9B%BD%E6%94%B6%E8%8E%B7%E4%B8%80%E9%93%B6%E4%B8%80%E9%93%9C&sa=fyb_news,https://fyb-2.cdn.bcebos.com/hotboard_image/1e4d5c2090b15ab6ed59ee9c95ad9baa
5,张雨霏小组第一晋级200米蝶泳决赛,巴黎奥运会女子200米蝶泳半决赛，中国选手张雨霏、陈露颖出战。最终张雨霏游出2分06秒09，总成绩排名第3晋级决赛。,4528631,https://m.baidu.com/s?word=%E5%BC%A0%E9%9B%A8%E9%9C%8F%E5%B0%8F%E7%BB%84%E7%AC%AC%E4%B8%80%E6%99%8B%E7%BA%A7200%E7%B1%B3%E8%9D%B6%E6%B3%B3%E5%86%B3%E8%B5%9B&sa=fyb_news,https://fyb-2.cdn.bcebos.com/hotboard_image/76a4e9c37b795df6b5a424d72a619841
6,孙颖莎4比0轻松晋级女单八强,北京时间8月1日凌晨，在巴黎奥运会乒乓球女单1/8决赛中，中国选手孙颖莎4比0击败印度选手斯丽贾，晋级8强。,4424635,https://m.baidu.com/s?word=%E5%AD%99%E9%A2%96%E8%8E%8E4%E6%AF%940%E8%BD%BB%E6%9D%BE%E6%99%8B%E7%BA%A7%E5%A5%B3%E5%8D%95%E5%85%AB%E5%BC%BA&sa=fyb_news,https://fyb-2.cdn.bcebos.com/hotboard_image/c7420d29112f2842dc3c7bfb1218e6dc
7,王楚钦回应爆冷出局：换拍不是理由,7月31日，奥运会乒乓球男子单打32强赛，王楚钦不敌瑞典选手，无缘16强。王楚钦回应：换球拍不是理由，还是自己出了问题。,4391246,https://m.baidu.com/s?word=%E7%8E%8B%E6%A5%9A%E9%92%A6%E5%9B%9E%E5%BA%94%E7%88%86%E5%86%B7%E5%87%BA%E5%B1%80%EF%BC%9A%E6%8D%A2%E6%8B%8D%E4%B8%8D%E6%98%AF%E7%90%86%E7%94%B1&sa=fyb_news,https://fyb-2.cdn.bcebos.com/hotboard_image/626ac236daf694f0a52a6f8a907df750
8,成都有经济适用房在售？谣言,近日，网传消息称“成都市配售保障、经济适用住房”，引发关注。经查该消息系谣言，成都目前无配售型保障性住房、经济适用房在售。,4201468,https://m.baidu.com/s?word=%E6%88%90%E9%83%BD%E6%9C%89%E7%BB%8F%E6%B5%8E%E9%80%82%E7%94%A8%E6%88%BF%E5%9C%A8%E5%94%AE%EF%BC%9F%E8%B0%A3%E8%A8%80&sa=fyb_news,https://fyb-2.cdn.bcebos.com/hotboard_image/6046df8c9e5532b76a27842f475f1dac
9,创历史！邓雅文夺自由式小轮车金牌,7月31日，在巴黎奥运会自由式小轮车女子公园赛决赛中，中国选手邓雅文获得冠军。,4183061,https://m.baidu.com/s?word=%E5%88%9B%E5%8E%86%E5%8F%B2%EF%BC%81%E9%82%93%E9%9B%85%E6%96%87%E5%A4%BA%E8%87%AA%E7%94%B1%E5%BC%8F%E5%B0%8F%E8%BD%AE%E8%BD%A6%E9%87%91%E7%89%8C&sa=fyb_news,https://fyb-2.cdn.bcebos.com/hotboard_image/20fdf0daedb723a8e82109f3e05d2564
10,中国内战 雅思组合晋级四强,北京时间8月1日，在巴黎奥运会羽毛球混双1/4决赛的一场中国内战中，郑思维/黄雅琼2-0战胜冯彦哲/黄东萍，晋级混双4强。,4005321,https://m.baidu.com/s?word=%E4%B8%AD%E5%9B%BD%E5%86%85%E6%88%98+%E9%9B%85%E6%80%9D%E7%BB%84%E5%90%88%E6%99%8B%E7%BA%A7%E5%9B%9B%E5%BC%BA&sa=fyb_news,https://fyb-2.cdn.bcebos.com/hotboard_image/c05be89f8ff7ef7c8ff3021f908c4cb9
11,击败世界第一！中国三人男篮取得首胜,北京时间8月1日，巴黎奥运会三人男篮分组循环赛第二轮，中国三人男篮21-15击败世界排名第一的塞尔维亚，取得首胜。,3959908,https://m.baidu.com/s?word=%E5%87%BB%E8%B4%A5%E4%B8%96%E7%95%8C%E7%AC%AC%E4%B8%80%EF%BC%81%E4%B8%AD%E5%9B%BD%E4%B8%89%E4%BA%BA%E7%94%B7%E7%AF%AE%E5%8F%96%E5%BE%97%E9%A6%96%E8%83%9C&sa=fyb_news,https://fyb-2.cdn.bcebos.com/hotboard_image/034919530fbaae74d3727a99084dfdfb
12,张雨霏发烧,女子200米蝶泳半决赛，中国选手张雨霏以总成绩排名第3晋级决赛。赛后在采访中张雨霏透露自己赛前发烧了，是带病出战。,3878688,https://m.baidu.com/s?word=%E5%BC%A0%E9%9B%A8%E9%9C%8F%E5%8F%91%E7%83%A7&sa=fyb_news,https://fyb-2.cdn.bcebos.com/hotboard_image/557da9b088415a5ae7b625640a537a1e
13,全红婵：我怕媒体嫌我话少,31日，巴黎奥运会跳水女子双人十米台决赛，全红婵/陈芋汐夺得金牌。赛后全红婵接受采访时表示：紧张主要是怕大家嫌自己话少。,3722121,https://m.baidu.com/s?word=%E5%85%A8%E7%BA%A2%E5%A9%B5%EF%BC%9A%E6%88%91%E6%80%95%E5%AA%92%E4%BD%93%E5%AB%8C%E6%88%91%E8%AF%9D%E5%B0%91&sa=fyb_news,https://fyb-2.cdn.bcebos.com/hotboard_image/91b26e3199c223a6b43bf99f38acb56a
14,全红婵对郭晶晶做鬼脸,7月31日，全红婵/陈芋汐获得奥运会跳水女子双人10米台金牌。赛后，郭晶晶拿手机拍全红婵和陈芋汐，全红婵对着镜头做鬼脸。,3661735,https://m.baidu.com/s?word=%E5%85%A8%E7%BA%A2%E5%A9%B5%E5%AF%B9%E9%83%AD%E6%99%B6%E6%99%B6%E5%81%9A%E9%AC%BC%E8%84%B8&sa=fyb_news,https://fyb-2.cdn.bcebos.com/hotboard_image/e0cf1737988bdd8d4ddf4fccc14c3ef0
15,湖南郴州：接受社会捐赠水米油等,7月31日，郴州市防汛抗旱指挥部发布《关于接受社会捐赠的公告》，郴州市防汛抗旱指挥部：接受社会捐赠水米油、蜡烛等。,3541016,https://m.baidu.com/s?word=%E6%B9%96%E5%8D%97%E9%83%B4%E5%B7%9E%EF%BC%9A%E6%8E%A5%E5%8F%97%E7%A4%BE%E4%BC%9A%E6%8D%90%E8%B5%A0%E6%B0%B4%E7%B1%B3%E6%B2%B9%E7%AD%89&sa=fyb_news,https://fyb-2.cdn.bcebos.com/hotboard_image/48aec89bd19eb666d5f9cda533096f41
16,乌克兰约30%民众同意以领土换和平,近日，有民调显示，乌克兰民众的厌战情绪正在上升，约30%的民众同意以领土换和平。,3408041,https://m.baidu.com/s?word=%E4%B9%8C%E5%85%8B%E5%85%B0%E7%BA%A630%25%E6%B0%91%E4%BC%97%E5%90%8C%E6%84%8F%E4%BB%A5%E9%A2%86%E5%9C%9F%E6%8D%A2%E5%92%8C%E5%B9%B3&sa=fyb_news,https://fyb-2.cdn.bcebos.com/hotboard_image/b4fdcd99218daeae10c360f8ec559f57
17,徐嘉余弃赛,7月31日，巴黎奥运男子200米仰泳预赛，中国选手徐嘉余弃权。,3327246,https://m.baidu.com/s?word=%E5%BE%90%E5%98%89%E4%BD%99%E5%BC%83%E8%B5%9B&sa=fyb_news,https://fyb-2.cdn.bcebos.com/hotboard_image/3c237af21f259a931c89ed3cbf5c15c9
18,郑钦文晋级奥运会网球女单四强,7月31日，巴黎奥运会网球女单展开八强争夺，郑钦文2-1逆转对手，晋级四强。,3221458,https://m.baidu.com/s?word=%E9%83%91%E9%92%A6%E6%96%87%E6%99%8B%E7%BA%A7%E5%A5%A5%E8%BF%90%E4%BC%9A%E7%BD%91%E7%90%83%E5%A5%B3%E5%8D%95%E5%9B%9B%E5%BC%BA&sa=fyb_news,https://fyb-2.cdn.bcebos.com/hotboard_image/aee108ce0a06aee8d5e0362f902c950d
19,水谷隼：主拍损坏对王楚钦影响很大,,3113483,https://m.baidu.com/s?word=%E6%B0%B4%E8%B0%B7%E9%9A%BC%EF%BC%9A%E4%B8%BB%E6%8B%8D%E6%8D%9F%E5%9D%8F%E5%AF%B9%E7%8E%8B%E6%A5%9A%E9%92%A6%E5%BD%B1%E5%93%8D%E5%BE%88%E5%A4%A7&sa=fyb_news,https://fyb-1.cdn.bcebos.com/fyb/de6163834f53ca92c1273fff98ac9078.jpeg
20,陈梦连追4局晋级女单8强,7月31日，在巴黎奥运会乒乓球女单比赛中，陈梦4-1逆转荷兰选手伊尔兰德，晋级8强。,3024331,https://m.baidu.com/s?word=%E9%99%88%E6%A2%A6%E8%BF%9E%E8%BF%BD4%E5%B1%80%E6%99%8B%E7%BA%A7%E5%A5%B3%E5%8D%958%E5%BC%BA&sa=fyb_news,https://fyb-2.cdn.bcebos.com/hotboard_image/c4edfb7df7dc27ce4971fdbf8a98f465
21,塔里木河干流出现2024年第1号洪水,,2913259,https://m.baidu.com/s?word=%E5%A1%94%E9%87%8C%E6%9C%A8%E6%B2%B3%E5%B9%B2%E6%B5%81%E5%87%BA%E7%8E%B02024%E5%B9%B4%E7%AC%AC1%E5%8F%B7%E6%B4%AA%E6%B0%B4&sa=fyb_news,https://fyb-1.cdn.bcebos.com/fyb/de6163834f53ca92c1273fff98ac9078.jpeg
22,朝鲜乒乓神秘组合正效力重庆职业队,李正植/金琴英这对被外界誉为“神秘之师”、多次拒绝媒体采访的朝鲜组合，目前正为重庆中滨体育旗下的成现男队、中滨女队效力。,2817991,https://m.baidu.com/s?word=%E6%9C%9D%E9%B2%9C%E4%B9%92%E4%B9%93%E7%A5%9E%E7%A7%98%E7%BB%84%E5%90%88%E6%AD%A3%E6%95%88%E5%8A%9B%E9%87%8D%E5%BA%86%E8%81%8C%E4%B8%9A%E9%98%9F&sa=fyb_news,https://fyb-2.cdn.bcebos.com/hotboard_image/d7d9b1438f573c46b81c56c4501bed7e
23,全红婵“广式”松弛感：拖鞋走天下,,2734790,https://m.baidu.com/s?word=%E5%85%A8%E7%BA%A2%E5%A9%B5%E2%80%9C%E5%B9%BF%E5%BC%8F%E2%80%9D%E6%9D%BE%E5%BC%9B%E6%84%9F%EF%BC%9A%E6%8B%96%E9%9E%8B%E8%B5%B0%E5%A4%A9%E4%B8%8B&sa=fyb_news,https://fyb-1.cdn.bcebos.com/fyb/de6163834f53ca92c1273fff98ac9078.jpeg
24,《抓娃娃》的问题并不在于三观,,2633100,https://m.baidu.com/s?word=%E3%80%8A%E6%8A%93%E5%A8%83%E5%A8%83%E3%80%8B%E7%9A%84%E9%97%AE%E9%A2%98%E5%B9%B6%E4%B8%8D%E5%9C%A8%E4%BA%8E%E4%B8%89%E8%A7%82&sa=fyb_news,https://fyb-1.cdn.bcebos.com/fyb/de6163834f53ca92c1273fff98ac9078.jpeg
25,江浙沪将连续出现40度以上高温,,2527808,https://m.baidu.com/s?word=%E6%B1%9F%E6%B5%99%E6%B2%AA%E5%B0%86%E8%BF%9E%E7%BB%AD%E5%87%BA%E7%8E%B040%E5%BA%A6%E4%BB%A5%E4%B8%8A%E9%AB%98%E6%B8%A9&sa=fyb_news,https://fyb-1.cdn.bcebos.com/fyb/de6163834f53ca92c1273fff98ac9078.jpeg
26,解说员和女友通话忘关麦,7月30日晚，巴黎奥运会足球小组赛中场休息期间，男解说员张昊泽与女友通话时忘关麦。这下巴黎奥运会最社死的人出现了！,2428580,https://m.baidu.com/s?word=%E8%A7%A3%E8%AF%B4%E5%91%98%E5%92%8C%E5%A5%B3%E5%8F%8B%E9%80%9A%E8%AF%9D%E5%BF%98%E5%85%B3%E9%BA%A6&sa=fyb_news,https://fyb-2.cdn.bcebos.com/hotboard_image/d278d6a790010c185ca9a18b94534e00
27,王楚钦止步32强 创造国乒最差纪录,7月31日，巴黎奥运会乒乓球男子单打32强赛，王楚钦2-4不敌瑞典选手莫雷加德，无缘16强，创国乒单打历史最差成绩。,2330821,https://m.baidu.com/s?word=%E7%8E%8B%E6%A5%9A%E9%92%A6%E6%AD%A2%E6%AD%A532%E5%BC%BA+%E5%88%9B%E9%80%A0%E5%9B%BD%E4%B9%92%E6%9C%80%E5%B7%AE%E7%BA%AA%E5%BD%95&sa=fyb_news,https://fyb-2.cdn.bcebos.com/hotboard_image/da70253e01ddb48e1b1577cea447445a
28,孙颖莎倪阿姨赛后拥抱,,2260740,https://m.baidu.com/s?word=%E5%AD%99%E9%A2%96%E8%8E%8E%E5%80%AA%E9%98%BF%E5%A7%A8%E8%B5%9B%E5%90%8E%E6%8B%A5%E6%8A%B1&sa=fyb_news,https://fyb-1.cdn.bcebos.com/fyb/de6163834f53ca92c1273fff98ac9078.jpeg
29,叶诗文时隔8年再登奥运赛场,7月31日，在巴黎奥运会女子蛙泳200米预赛中，叶诗文小组第2进半决赛，这也是叶诗文时隔8年再登奥运赛场。,2174501,https://m.baidu.com/s?word=%E5%8F%B6%E8%AF%97%E6%96%87%E6%97%B6%E9%9A%948%E5%B9%B4%E5%86%8D%E7%99%BB%E5%A5%A5%E8%BF%90%E8%B5%9B%E5%9C%BA&sa=fyb_news,https://fyb-2.cdn.bcebos.com/hotboard_image/99684a23948ac7d417382debeb58b672
30,外交部回应哈马斯领导人遭袭身亡,7月31日，中国外交部发言人林剑主持例行记者会。外交部回应哈马斯领导人遇袭身亡：中方坚决反对并谴责暗杀行为。,2035116,https://m.baidu.com/s?word=%E5%A4%96%E4%BA%A4%E9%83%A8%E5%9B%9E%E5%BA%94%E5%93%88%E9%A9%AC%E6%96%AF%E9%A2%86%E5%AF%BC%E4%BA%BA%E9%81%AD%E8%A2%AD%E8%BA%AB%E4%BA%A1&sa=fyb_news,https://fyb-2.cdn.bcebos.com/hotboard_image/168688459db456b8a942cb7ddfdc8396
31,清华毕业生举报局长贪腐：担心被控制,7月30日，清华毕业生举报局长贪腐一事持续发酵。目前，涉事方否认利益输送，并要求全员31日返岗。马翔宇表示：担心会被控制。,1969848,https://m.baidu.com/s?word=%E6%B8%85%E5%8D%8E%E6%AF%95%E4%B8%9A%E7%94%9F%E4%B8%BE%E6%8A%A5%E5%B1%80%E9%95%BF%E8%B4%AA%E8%85%90%EF%BC%9A%E6%8B%85%E5%BF%83%E8%A2%AB%E6%8E%A7%E5%88%B6&sa=fyb_news,https://fyb-2.cdn.bcebos.com/hotboard_image/c1280c058f7ae6125fdd5d76d7380a79
32,男子被判强奸租客 上诉称双方系情人,,1830193,https://m.baidu.com/s?word=%E7%94%B7%E5%AD%90%E8%A2%AB%E5%88%A4%E5%BC%BA%E5%A5%B8%E7%A7%9F%E5%AE%A2+%E4%B8%8A%E8%AF%89%E7%A7%B0%E5%8F%8C%E6%96%B9%E7%B3%BB%E6%83%85%E4%BA%BA&sa=fyb_news,https://fyb-1.cdn.bcebos.com/fyb/de6163834f53ca92c1273fff98ac9078.jpeg
33,中国女子新西兰失踪1年后遗体被找到,,1706265,https://m.baidu.com/s?word=%E4%B8%AD%E5%9B%BD%E5%A5%B3%E5%AD%90%E6%96%B0%E8%A5%BF%E5%85%B0%E5%A4%B1%E8%B8%AA1%E5%B9%B4%E5%90%8E%E9%81%97%E4%BD%93%E8%A2%AB%E6%89%BE%E5%88%B0&sa=fyb_news,https://fyb-1.cdn.bcebos.com/fyb/de6163834f53ca92c1273fff98ac9078.jpeg
34,淘宝更新售后规则 仅退款策略大转向,,1617346,https://m.baidu.com/s?word=%E6%B7%98%E5%AE%9D%E6%9B%B4%E6%96%B0%E5%94%AE%E5%90%8E%E8%A7%84%E5%88%99+%E4%BB%85%E9%80%80%E6%AC%BE%E7%AD%96%E7%95%A5%E5%A4%A7%E8%BD%AC%E5%90%91&sa=fyb_news,https://fyb-1.cdn.bcebos.com/fyb/de6163834f53ca92c1273fff98ac9078.jpeg
35,中纪委连打四“虎”,,1524381,https://m.baidu.com/s?word=%E4%B8%AD%E7%BA%AA%E5%A7%94%E8%BF%9E%E6%89%93%E5%9B%9B%E2%80%9C%E8%99%8E%E2%80%9D&sa=fyb_news,https://fyb-1.cdn.bcebos.com/fyb/de6163834f53ca92c1273fff98ac9078.jpeg
36,全红婵陈芋汐第3跳直接封神,7月31日，全红婵/陈芋汐组合在奥运会跳水女子双人10米台项目中成功夺金。两人第3跳直接封神，解说：完美动作技术展示！,1488789,https://m.baidu.com/s?word=%E5%85%A8%E7%BA%A2%E5%A9%B5%E9%99%88%E8%8A%8B%E6%B1%90%E7%AC%AC3%E8%B7%B3%E7%9B%B4%E6%8E%A5%E5%B0%81%E7%A5%9E&sa=fyb_news,https://fyb-2.cdn.bcebos.com/hotboard_image/2cadc4b9bb88f5fca5e8a6d49b5e0edc
37,哈马斯领导人遭暗杀 谁发动了袭击,伊朗伊斯兰革命卫队31日证实，哈马斯政治局领导人哈尼亚当天在德黑兰凌晨遭暗杀。目前，尚无任何组织声称制造了这起暗杀事件。,1376515,https://m.baidu.com/s?word=%E5%93%88%E9%A9%AC%E6%96%AF%E9%A2%86%E5%AF%BC%E4%BA%BA%E9%81%AD%E6%9A%97%E6%9D%80+%E8%B0%81%E5%8F%91%E5%8A%A8%E4%BA%86%E8%A2%AD%E5%87%BB&sa=fyb_news,https://fyb-2.cdn.bcebos.com/hotboard_image/bf3cc3bfec026180e797bb309ca33ce8
38,iPhone16全颜色曝光,,1236117,https://m.baidu.com/s?word=iPhone16%E5%85%A8%E9%A2%9C%E8%89%B2%E6%9B%9D%E5%85%89&sa=fyb_news,https://fyb-1.cdn.bcebos.com/fyb/de6163834f53ca92c1273fff98ac9078.jpeg
39,全红婵赛后展示丑鱼拖鞋,,1161176,https://m.baidu.com/s?word=%E5%85%A8%E7%BA%A2%E5%A9%B5%E8%B5%9B%E5%90%8E%E5%B1%95%E7%A4%BA%E4%B8%91%E9%B1%BC%E6%8B%96%E9%9E%8B&sa=fyb_news,https://fyb-1.cdn.bcebos.com/fyb/de6163834f53ca92c1273fff98ac9078.jpeg
40,王楚钦出局 樊振东晋级成男单独苗,,1081204,https://m.baidu.com/s?word=%E7%8E%8B%E6%A5%9A%E9%92%A6%E5%87%BA%E5%B1%80+%E6%A8%8A%E6%8C%AF%E4%B8%9C%E6%99%8B%E7%BA%A7%E6%88%90%E7%94%B7%E5%8D%95%E7%8B%AC%E8%8B%97&sa=fyb_news,https://fyb-1.cdn.bcebos.com/fyb/de6163834f53ca92c1273fff98ac9078.jpeg
41,美国田径选手霍金斯疯狂吐槽,,945532,https://m.baidu.com/s?word=%E7%BE%8E%E5%9B%BD%E7%94%B0%E5%BE%84%E9%80%89%E6%89%8B%E9%9C%8D%E9%87%91%E6%96%AF%E7%96%AF%E7%8B%82%E5%90%90%E6%A7%BD&sa=fyb_news,https://fyb-1.cdn.bcebos.com/fyb/de6163834f53ca92c1273fff98ac9078.jpeg
42,硕士从基金公司跳槽到事业编幼儿园,,874042,https://m.baidu.com/s?word=%E7%A1%95%E5%A3%AB%E4%BB%8E%E5%9F%BA%E9%87%91%E5%85%AC%E5%8F%B8%E8%B7%B3%E6%A7%BD%E5%88%B0%E4%BA%8B%E4%B8%9A%E7%BC%96%E5%B9%BC%E5%84%BF%E5%9B%AD&sa=fyb_news,https://fyb-1.cdn.bcebos.com/fyb/de6163834f53ca92c1273fff98ac9078.jpeg
43,瑞典选手的乒乓球拍是多边形的,7月31日，巴黎奥运会乒乓球男子单打32强赛，王楚钦不敌瑞典选手莫雷加德，无缘16强。有网友发现瑞典选手球拍是多边形的。,781343,https://m.baidu.com/s?word=%E7%91%9E%E5%85%B8%E9%80%89%E6%89%8B%E7%9A%84%E4%B9%92%E4%B9%93%E7%90%83%E6%8B%8D%E6%98%AF%E5%A4%9A%E8%BE%B9%E5%BD%A2%E7%9A%84&sa=fyb_news,https://fyb-2.cdn.bcebos.com/hotboard_image/ca714f82e617c31fd9e7586073dc1e43
44,刘诗诗奥运观赛同款徽章卖断货,,639691,https://m.baidu.com/s?word=%E5%88%98%E8%AF%97%E8%AF%97%E5%A5%A5%E8%BF%90%E8%A7%82%E8%B5%9B%E5%90%8C%E6%AC%BE%E5%BE%BD%E7%AB%A0%E5%8D%96%E6%96%AD%E8%B4%A7&sa=fyb_news,https://fyb-1.cdn.bcebos.com/fyb/de6163834f53ca92c1273fff98ac9078.jpeg
45,全红婵问粉丝以后还会喜欢我吗,,512314,https://m.baidu.com/s?word=%E5%85%A8%E7%BA%A2%E5%A9%B5%E9%97%AE%E7%B2%89%E4%B8%9D%E4%BB%A5%E5%90%8E%E8%BF%98%E4%BC%9A%E5%96%9C%E6%AC%A2%E6%88%91%E5%90%97&sa=fyb_news,https://fyb-1.cdn.bcebos.com/fyb/de6163834f53ca92c1273fff98ac9078.jpeg
46,中方向日方提出严正交涉,,462936,https://m.baidu.com/s?word=%E4%B8%AD%E6%96%B9%E5%90%91%E6%97%A5%E6%96%B9%E6%8F%90%E5%87%BA%E4%B8%A5%E6%AD%A3%E4%BA%A4%E6%B6%89&sa=fyb_news,https://fyb-1.cdn.bcebos.com/fyb/de6163834f53ca92c1273fff98ac9078.jpeg
47,孙颖莎提醒王楚钦戴耳机,,362373,https://m.baidu.com/s?word=%E5%AD%99%E9%A2%96%E8%8E%8E%E6%8F%90%E9%86%92%E7%8E%8B%E6%A5%9A%E9%92%A6%E6%88%B4%E8%80%B3%E6%9C%BA&sa=fyb_news,https://fyb-1.cdn.bcebos.com/fyb/de6163834f53ca92c1273fff98ac9078.jpeg
48,黄子韬也是翻身了,7月31日，陈芋汐/全红婵夺得跳水女子双人10米跳台金牌。赛后发布会，全红婵称黄子韬很搞笑很帅，网友：黄子韬你也是翻身了。,203856,https://m.baidu.com/s?word=%E9%BB%84%E5%AD%90%E9%9F%AC%E4%B9%9F%E6%98%AF%E7%BF%BB%E8%BA%AB%E4%BA%86&sa=fyb_news,https://fyb-2.cdn.bcebos.com/hotboard_image/7956d12a664652a7b642022a3722c5c4
49,美国在菲律宾部署中导,,178245,https://m.baidu.com/s?word=%E7%BE%8E%E5%9B%BD%E5%9C%A8%E8%8F%B2%E5%BE%8B%E5%AE%BE%E9%83%A8%E7%BD%B2%E4%B8%AD%E5%AF%BC&sa=fyb_news,https://fyb-1.cdn.bcebos.com/fyb/de6163834f53ca92c1273fff98ac9078.jpeg
50,村支书回应谢瑜一枪击破家徒四壁,日前，谢瑜夺得金牌后，“谢瑜一枪击破家徒四壁”话题冲上热搜。谢瑜老家的村支书表示，家徒四壁的说法不妥，谢瑜家人有稳定收入。,100000,https://m.baidu.com/s?word=%E6%9D%91%E6%94%AF%E4%B9%A6%E5%9B%9E%E5%BA%94%E8%B0%A2%E7%91%9C%E4%B8%80%E6%9E%AA%E5%87%BB%E7%A0%B4%E5%AE%B6%E5%BE%92%E5%9B%9B%E5%A3%81&sa=fyb_news,https://fyb-2.cdn.bcebos.com/hotboard_image/be85c2204ff45887615ac92c5a801ce9
