视频 ID,用户 ID,用户昵称,标题,归属类别,图片,发布时间,观看人数,弹幕数,点赞数,投币数,收藏数,分享数,评论数,当前时间
1656281795,272562791,张小伙玩配音押韵版,武家坡之《有难同当》,搞笑,http://i0.hdslb.com/bfs/archive/05811f31a36491fe1817536067826c943898dbb7.jpg,2024-07-25,2348400,2135,329024,162767,81426,30647,4148,2024-07-26
1706360342,3493074483284470,榴莲阿呀,《双》赢,搞笑,http://i2.hdslb.com/bfs/archive/881854d88f7d80c00de2935bcb39d2dd6487a00f.jpg,2024-07-23,1638892,759,196058,2552,30696,1963,602,2024-07-26
1206303794,1636034895,绝区零,《绝区零》朱鸢EP丨一颗方糖悬滞的时间,原创音乐,http://i2.hdslb.com/bfs/archive/1a04fc64287b827912067ba957ba937ec4364b74.jpg,2024-07-25,2361210,5616,236933,133387,64467,30097,11460,2024-07-26
1056441892,178029850,杜海皇,太好玩辣！！！,搞笑,http://i1.hdslb.com/bfs/archive/d1cf7203d60308e43612a0e32a1f8b14b7718566.jpg,2024-07-25,1668884,21235,185701,48592,32630,2125,3846,2024-07-26
1606317889,388477943,薪儿姐师尊,地球太热啦！！！！！,小剧场,http://i0.hdslb.com/bfs/archive/ef231635880739577b5986ae6f63b1f4ea253d4e.jpg,2024-07-24,1561830,3824,219425,25959,30185,50744,3896,2024-07-26
1456490814,268941858,磊哥游戏,鸡爪蒙恬3.0，修复了蒙恬后期没事干的问题,手机游戏,http://i0.hdslb.com/bfs/archive/871e16145353fea2eb45e7b8b5754be948799f07.jpg,2024-07-25,905664,1603,93869,7141,6338,2275,2685,2024-07-26
1406348935,3670216,TF家族,【TF家族】《2024TF家族夏日运动会》DAY2,明星综合,http://i0.hdslb.com/bfs/archive/ed93616f8a97caaa06c6eee00fd127607964223a.jpg,2024-07-25,1480462,365688,59337,10128,27097,2154,8220,2024-07-26
1756261616,680447,马里奥红叔,致命公司 M C 版「鸟枪换炮版」!!？,单机游戏,http://i0.hdslb.com/bfs/archive/5d87f9c978d03e3cc3418854d1cb5bc0c848da3e.jpg,2024-07-26,230357,2876,57351,16702,7366,225,411,2024-07-26
1156375157,547072854,中气爱,感谢护国神山！台风格美大幅减弱登陆福建，但多省特大暴雨才刚刚开始,科学科普,http://i1.hdslb.com/bfs/archive/d806237892368d0d964770b85eee5e438b121382.jpg,2024-07-25,776093,2298,49025,3069,1978,4416,3474,2024-07-26
1906302879,1268256697,萌物饲养员,以后木有小熊猫了,野生动物,http://i1.hdslb.com/bfs/archive/00899a5cf9e183863a9beb9410ba85cb9b4a16f7.jpg,2024-07-25,1238076,305,106506,1308,8127,486,1126,2024-07-26
1356373214,20669779,敲萌豹风党,设 身 处 地 9.0,单机游戏,http://i1.hdslb.com/bfs/archive/3f684dcd38e90956568076381bce37f288b44321.jpg,2024-07-26,76236,1652,17067,12044,5500,564,663,2024-07-26
1056352416,389117626,兽猎突袭,《兽猎突袭》首支正式PV | 无畏者集结,网络游戏,http://i0.hdslb.com/bfs/archive/e6a80f97036a874419e7d81a65bc8bd5d166b59f.jpg,2024-07-25,742404,324,7942,762,2845,3059,1232,2024-07-26
1356318285,1021254247,八零九零音乐,8090后当年就是吃了多少细糠，才看不上现在的新歌,音乐综合,http://i2.hdslb.com/bfs/archive/1373c404c548dc302b918a27a858362ef01d1e8b.jpg,2024-07-22,871014,7227,17163,6480,17855,2711,1742,2024-07-26
1706332847,250648682,红豆稀饭中,“但珍珠不懂为何与主人见面越来越少”,鬼畜调教,http://i2.hdslb.com/bfs/archive/c015c924d9d2e2b3b828a8cd9fb0576990b63d2e.jpg,2024-07-25,291230,229,30726,15604,10719,4767,922,2024-07-26
1556322458,1937308559,赛博食录,为什么意大利人讨厌菠萝披萨？【食录】,科学科普,http://i2.hdslb.com/bfs/archive/347bf56e29924b65f99626a67f81cc96630c42ed.jpg,2024-07-25,579490,4413,42546,3078,6808,1244,2372,2024-07-26
1856391482,3493271504423174,我是刘大悦le,有人来恋综考研，有人来恋综渡劫（此处不点名是陆影帝）～,小剧场,http://i0.hdslb.com/bfs/archive/fd86bd01a0a7bf8342819bc30fa19f2925040c42.jpg,2024-07-25,481357,291,65972,1334,3559,333,624,2024-07-26
1606410649,4831263,黑猫大少爷,躲猫猫，但我们「一致对外」？！,单机游戏,http://i0.hdslb.com/bfs/archive/f0d2e82b93f487a536ab06148556dddc22da66f5.jpg,2024-07-26,181370,1310,23985,3868,3175,103,261,2024-07-26
1706474574,34009507,-显眼宝-,我有一个JK许愿机,小剧场,http://i1.hdslb.com/bfs/archive/56283c70b32a295a07a8341226a1c3d3e6d5fc3c.jpg,2024-07-25,1735158,1887,224717,7556,14976,7884,1951,2024-07-26
1506317510,1198216480,文河漫剪,水门:“好了 结和解之印吧”,综合,http://i2.hdslb.com/bfs/archive/c37170d10e70ec848d48b81a14c0b5c88fe98b94.jpg,2024-07-24,571023,156,88890,10805,21412,1738,669,2024-07-26
1456290870,289189019,戏京同志,《北京宣言》将成为历史书上最耀眼的一篇,社科·法律·心理,http://i2.hdslb.com/bfs/archive/911feecf7697edbf56948b25780e67c939f4ef3f.jpg,2024-07-25,581098,1198,50303,12565,9485,1854,835,2024-07-26
1156465104,3546679452109538,小小潮爱生活,小潮teamT恤开箱,搞笑,http://i2.hdslb.com/bfs/archive/2d63979ce2e488a562fd7e6877c90cd1173f3937.jpg,2024-07-25,475256,4008,91095,22260,13448,2115,3888,2024-07-26
1756258124,36155997,修控制器的马源,当一个行业出现一个良知的人 那这个人就是一个错误,数码,http://i1.hdslb.com/bfs/archive/30e4c88dae5b45a673389acf34ffd7b041240fdd.jpg,2024-07-24,1045933,534,132153,9399,7719,179,793,2024-07-26
1056395168,2175690,徐Toso,灾难般的周末！能别当阿梓的一日男友吗？,MMD·3D,http://i1.hdslb.com/bfs/archive/d6ed880c3d70496677fc6a711d6c1c9dbef3ab00.jpg,2024-07-25,491672,4837,47326,19100,7011,13323,3897,2024-07-26
1656359708,321422126,进击的金厂长,国产游戏：你见过我的全盛时期吗？,搞笑,http://i1.hdslb.com/bfs/archive/f1c175b44ee279ef6665326951313a40428cf530.jpg,2024-07-25,247162,4243,30259,6653,3397,359,715,2024-07-26
1156483802,1659651634,七颗猩猩QKXX,顾景琛复活！,搞笑,http://i0.hdslb.com/bfs/archive/51403f822a9a62aca646285d682cd7a17413858c.jpg,2024-07-25,889931,3333,126766,9472,9359,2825,4435,2024-07-26
1206381587,233108841,命运-冠位指定,Fate/Grand Order 简中版八周年专属PV——八方异闻卷,手机游戏,http://i2.hdslb.com/bfs/archive/cdcd5421e921bc32452e01506c908d801128535e.jpg,2024-07-25,1050475,11110,54435,40776,19253,13738,3059,2024-07-26
112839712836345,305379172,振新的农场生活,吃虫子的鸡，很喜欢下蛋，土鸡蛋多到吃不完,三农,http://i1.hdslb.com/bfs/archive/34ca69f50db34f4f2e5bbd7a41bfda13d9f8603e.jpg,2024-07-24,1173814,469,84004,754,5322,609,733,2024-07-26
1406311494,27534330,崩坏3第一偶像爱酱,《崩坏3》全新S级角色德丽莎「天命难逃」预告,手机游戏,http://i2.hdslb.com/bfs/archive/e40328b1c377de39a117ce302a8a76aec6bb03e1.jpg,2024-07-25,502422,1898,60611,9470,10347,8951,2794,2024-07-26
1406428390,306936843,雨说体育徐静雨,【雨哥亡命法国】滤镜碎一地，到了法国才知道这块不文明行为一点不少！,出行,http://i1.hdslb.com/bfs/archive/ec3e0bea1fcb35319bb1082ac467757d90509fbe.jpg,2024-07-25,1178954,8710,40161,5631,4886,5311,4527,2024-07-26
1656468273,166483980,ForPalestine,永远的村庄英雄 不屈的铁傀儡【MC动画@SkytroHD】,小剧场,http://i2.hdslb.com/bfs/archive/a76f7fc72ceba1b4649aa472cf2d59572b9e7dad.jpg,2024-07-24,817477,2569,112937,1969,23516,2701,1440,2024-07-26
1506303130,57214324,小芃路子野,三 体 顾 茅 庐,搞笑,http://i2.hdslb.com/bfs/archive/fa39a1907d207ee18ab4732ef0c779782e3e0bbc.jpg,2024-07-25,607863,600,52714,2512,4692,2617,555,2024-07-26
1006372527,373388923,脱缰凯Kk,误会再次加深,小剧场,http://i1.hdslb.com/bfs/archive/8ad78d7c6e3fd2f6b9baf821fe09a985166d896c.jpg,2024-07-25,1131057,3825,106839,6713,8659,804,4146,2024-07-26
1806287212,287551041,一万根韭菜,【绝区零】朱鸢：你继续说，我在听,同人·手书,http://i2.hdslb.com/bfs/archive/12c95ea120aa3f401596a2a4c01c2e61f870cd9c.jpg,2024-07-25,355539,759,55259,4589,10425,1018,553,2024-07-26
1606287643,927587,木鱼水心,战国完结篇！一口气看完疯狂动荡的最后90年！,人文历史,http://i0.hdslb.com/bfs/archive/1144380fa6db78b0f003e008b4b3bff776d1f4ea.jpg,2024-07-24,1128398,2971,99602,49086,21870,1398,1267,2024-07-26
1106360582,6011141,术澄,一击必杀！给颜良文丑一点小小的武圣震撼,人文历史,http://i2.hdslb.com/bfs/archive/b43326b497323adc99dfbedc9030f960f204adbb.jpg,2024-07-26,38847,725,4975,2858,1239,129,380,2024-07-26
1006472037,946974,影视飓风,原来上亿年的冰川也会“死”？,科学科普,http://i0.hdslb.com/bfs/archive/75a31504dac3c5acdf62b2d0f0c0787fc244b630.jpg,2024-07-24,2639667,7881,187350,48134,28973,4792,6944,2024-07-26
112837213030037,558793186,一辆蜗牛,00后河北大爷拖地板车进藏，查看身份证还是个千禧宝宝，难以置信,出行,http://i0.hdslb.com/bfs/archive/3b58bd110924aa7b7d8d744f97dc31394e5401d5.jpg,2024-07-23,781373,3406,33912,1131,6073,16235,2608,2024-07-26
1106344182,39012132,RockyRoo,【绝区零】每次出警都有你！,同人·手书,http://i2.hdslb.com/bfs/archive/5315f6fb872e42f69b63f52f7956f394c9c1fceb.jpg,2024-07-25,313894,344,34340,2107,11783,401,308,2024-07-26
1556354588,24785838,游戏星GameStar,🏚️《GTA6》最全地图解析！军事基地、赛车比赛，R星到底藏了多少东西？「GameStar」,单机游戏,http://i2.hdslb.com/bfs/archive/97a82d49d793d5398fe92e88a574681b9eff5606.jpg,2024-07-25,299127,1084,16976,8224,5167,1848,863,2024-07-26
1406437846,1057241855,五个光,虎杖首次领域展开！咒术回战264话情报来了！,动漫杂谈,http://i1.hdslb.com/bfs/archive/130629dc6e3f67161ad3f107b49b4410bd97d315.jpg,2024-07-25,891849,2948,48234,2675,4528,11889,3390,2024-07-26
1156497847,504934876,渤海小吏,"摆拍的艺术，""二圣""的前传，隋崩的""恶之花""",人文历史,http://i0.hdslb.com/bfs/archive/e7d48c7a3fd8082217ed4545108b295bf56f83d7.jpg,2024-07-25,516072,4916,35188,23850,8410,1050,1654,2024-07-26
1506350540,396931607,糯米粽子ouo,总感觉我们的相遇也很像动漫剧情,仿妆cos,http://i0.hdslb.com/bfs/archive/65175ee54be45dd7ef83911b8fda6c30b9297530.jpg,2024-07-23,1844502,1888,233766,32306,41030,14919,8055,2024-07-26
1456348511,23237718,害羞7,震惊！魔术居然是这样变的！,仿妆cos,http://i2.hdslb.com/bfs/archive/b765d3c48636c0ca2770ba59dc6f9f65ca6da833.jpg,2024-07-24,515397,422,84949,8261,11722,769,672,2024-07-26
1456307214,44688866,姜峰真的苟,大学生暑假打工现状,搞笑,http://i0.hdslb.com/bfs/archive/e1458c5049213044c81ce30a677241e912baf6de.jpg,2024-07-25,613442,278,48139,2572,6940,594,243,2024-07-26
1906368426,663057409,__棠梨煎雪__,【猫meme】阳光刺眼，我们看不清开枪的人是谁……,短片,http://i1.hdslb.com/bfs/archive/f88572405397d7a6b87a137274fe4515c23d6c20.jpg,2024-07-24,1071970,606,140942,933,14471,449,1045,2024-07-26
1806406233,338927049,燕子堡BBQ学徒Ray,我拿可乐熟成牛肉21天，晶莹剔透，快乐水跟牛排完美搭配,美食制作,http://i1.hdslb.com/bfs/archive/1d165999b1641d354d21ad515356c6c5b527dba1.jpg,2024-07-25,426085,2119,27706,4227,2377,1083,1072,2024-07-26
1456388428,47224192,蓝星人-ET,为了消灭种族歧视！他把一群白人女性训练成奴隶、性奴，进行虐待折磨,人文历史,http://i1.hdslb.com/bfs/archive/e77d91483dfcb2f69c71ae3c6a2bb9dbb7cbd31e.jpg,2024-07-25,415651,875,15116,880,4170,986,557,2024-07-26
1956491447,26100279,香蕉丸子加番茄,4000元老实人小主机，2K游戏通吃，保姆级选购教程，最适合小白、最稳定的一集！《人人有机用 正传》第11期,数码,http://i0.hdslb.com/bfs/archive/57b6e5ee2654b60f6a2d65412513811c74d483ce.jpg,2024-07-25,172711,1700,14100,7618,6138,1198,4631,2024-07-26
1406422102,41454783,东东枪来了,终于明白这一刻的含金量！,野生技能协会,http://i2.hdslb.com/bfs/archive/beb91bf71e73e4322e83f4c4dcf76f52146072d7.jpg,2024-07-25,237920,410,50752,898,4076,285,202,2024-07-26
1506335836,352063206,vivo,2024 超短片单元vivo手机创作奖 《元年》| vivo满分影院,娱乐杂谈,http://i0.hdslb.com/bfs/archive/c665895d92666f7b3d23eb6948aafce82e3daa02.jpg,2024-07-25,1202022,36,3715,369,674,140,73,2024-07-26
1456467535,692206640,SEVENTEEN,[GOING SEVENTEEN] EP.109 Grrreuk kak kak TTT #1,综艺,http://i1.hdslb.com/bfs/archive/ad0639e412dd9ee15c6414727a466e97b6327e5a.jpg,2024-07-25,378684,31857,28412,8894,6927,1873,1792,2024-07-26
1106282275,1780480185,飓多多StormCrew,把老板当球扔？100人整活版保龄球大赛！,搞笑,http://i0.hdslb.com/bfs/archive/b5c71002668fe664771f772ce09dc36fa295e06d.jpg,2024-07-25,372740,1340,46715,11591,3887,732,667,2024-07-26
1006421372,1895195099,江寻千,小小青梅上指尖，巧手翻作玉菊兰,美食制作,http://i0.hdslb.com/bfs/archive/bec53460e5c8d237ac547c3af3c5f713187946ca.jpg,2024-07-25,241095,824,42997,9082,3353,542,639,2024-07-26
112842850241257,26157004,懂精致的集帅小木,精致集帅之2小时公交车基地车展开,家居房产,http://i0.hdslb.com/bfs/archive/61a7ec60c1656b9d6e604b7f26f88ffa5ecf43ac.jpg,2024-07-25,434771,691,41084,2417,3579,5483,1191,2024-07-26
1556366910,478691043,穿毛裤的小拉泽,别骂了，家人们！！我再也不用pdd买零食了！,美食测评,http://i1.hdslb.com/bfs/archive/7691ef47b574f0d132e95ea70569a09917839e83.jpg,2024-07-24,2079870,4856,55185,6832,28508,1112,1196,2024-07-26
1406479706,25150941,极速拍档,作为香港富二代，为何我要回内地创业？,汽车生活,http://i0.hdslb.com/bfs/archive/eeb73bd82dadca2ce281c46c86dbcb55a78965d8.jpg,2024-07-24,1435593,10058,102894,48883,15183,5772,2623,2024-07-26
1256252272,474702359,自来卷三木,65岁还没退休的银行职员,搞笑,http://i1.hdslb.com/bfs/archive/1f59ff79674f2005c8228eba8c9118dded088347.jpg,2024-07-25,331758,660,25898,3484,1716,5439,598,2024-07-26
1956372628,125526,-LKs-,4个UP拍同一个模特，成片差别有多大?【10分钟拍照挑战7】,日常,http://i0.hdslb.com/bfs/archive/80e37fcc04822cdc20fc8457efe57e5fb6b186f6.jpg,2024-07-25,359165,5396,31261,10800,7162,4295,1016,2024-07-26
1906409860,680677803,王小七Fire,42万买卖孩子，网上猎捕10岁女生，互联网藏着一张围剿儿童的暗网！【儿童防性侵计划11】,社科·法律·心理,http://i0.hdslb.com/bfs/archive/c219a0427e5c0ea46c46082a3f73e58680b1c693.jpg,2024-07-25,236935,709,31591,13568,5194,2081,1174,2024-07-26
1256430791,226231535,智勇双全富贵君,你这些东西真吓人啊,搞笑,http://i1.hdslb.com/bfs/archive/597121c83b0e50862202a7a250a40ae4d79d9bc2.jpg,2024-07-25,1308988,2450,52637,3249,10916,1738,475,2024-07-26
1506386190,528461028,小钟Johnny,马达加斯加海鲜便宜到离谱！大龙虾20元一斤吃到爽，今天改善生活,出行,http://i2.hdslb.com/bfs/archive/e886d5de3cfff209df5eb83905f01b1be1e94be8.jpg,2024-07-25,436223,2009,23660,4083,1667,763,600,2024-07-26
1806308095,1497330079,OK哥环球探海记,《马达加斯加》第7集：久违的摄影师刚上荒岛，就收获大石斑和别的大货，而且还把鱼肉做成了水饺,出行,http://i2.hdslb.com/bfs/archive/cffd539ca957b776fe78a2da86440690e3fb3289.jpg,2024-07-25,566267,3928,34756,19169,6591,862,783,2024-07-26
1406482769,252680534,澈零喵,【原神五神】“神啊，可以让我子民感受这繁华”,VOCALOID·UTAU,http://i1.hdslb.com/bfs/archive/4ca7f12b23b44092d8224b01823a0dd74483c36a.jpg,2024-07-20,1428721,6665,153898,88126,136878,9874,1680,2024-07-26
1556424106,11997177,三木刃,【四大名著合订本】唐僧刘备联手大战末日丧尸！,鬼畜剧场,http://i0.hdslb.com/bfs/archive/b6c46508176fa865dfb4a525c319df6c4d0ede14.jpg,2024-07-24,110648,279,6031,1010,2343,1674,194,2024-07-26
1256276194,1131457022,人民日报,国漫上新！当大圣遇上奥运，奔赴热爱奔赴梦想,综合,http://i2.hdslb.com/bfs/archive/b1c483f76a0f5387cfa25abc8d6c2da416e4520a.jpg,2024-07-25,142088,338,37221,10769,5907,1837,404,2024-07-26
1806281896,23791195,科学透镜,重磅！深海发现神秘“暗氧”，或颠覆传统生命起源理论，【科学快报161】,科学科普,http://i1.hdslb.com/bfs/archive/c72734e7aa689eb4af4a4c33815757147ef9ba4a.jpg,2024-07-25,343023,577,25887,873,6088,1348,574,2024-07-26
1656000534,3546636978489848,异环,《异环》首曝实机演示 制作组解读：这真的能实现吗？,手机游戏,http://i2.hdslb.com/bfs/archive/29e894b54f9b9d85f8414f4c0b09b1029683f366.jpg,2024-07-25,1150601,4254,54391,10582,5957,9241,6249,2024-07-26
1506428828,544336675,真探唐仁杰,北京.小吃 厨子探店¥？,美食侦探,http://i0.hdslb.com/bfs/archive/4474e0e7971006094722cc577ec839df4635ae6e.jpg,2024-07-25,659337,1215,66086,1078,2466,941,910,2024-07-26
1256432487,11742550,哈米伦的弄笛者,【战双】露西亚「向你誓言胜利与再见」,同人·手书,http://i1.hdslb.com/bfs/archive/2e94c7fc5a0049ec3244d1a3f348e5a454f18c7a.jpg,2024-07-25,248390,210,51856,9652,12935,2970,1050,2024-07-26
1506380465,1737743,狐诌,希(膝)人卖艺,搞笑,http://i1.hdslb.com/bfs/archive/544373bf89c1a3c11e9b92ec52f5a2cc76aaab2d.jpg,2024-07-23,907465,348,83038,1228,13118,4077,565,2024-07-26
1006361320,19584552,CCheny6,永劫手游上线被韩国网友质疑抄袭，日本网友都看不下去了,手机游戏,http://i2.hdslb.com/bfs/archive/00ebc3e86d87681e3ceab40750479b5878c89e43.jpg,2024-07-25,524774,2614,24770,2992,1671,1385,1051,2024-07-26
1306308954,11684621,太阳星sunstar,史上最像草台班子的奥运会——巴黎奥运会,人文历史,http://i0.hdslb.com/bfs/archive/5541247466a84291a94b09affd3de423a98c91d8.jpg,2024-07-24,913188,4693,62287,5226,6029,2348,1731,2024-07-26
1856270677,19319172,差评君,电脑普及15年，为什么年轻人还是需要淘宝代装Steam？【差评君】,数码,http://i1.hdslb.com/bfs/archive/09d93ae007159dc064749eea5bfe17b5468bc719.jpg,2024-07-24,749991,9592,43429,10727,11687,9854,8922,2024-07-26
1656280431,503058735,侯绿萝,同学们，体育老师又生病了,小剧场,http://i2.hdslb.com/bfs/archive/d0eeb9ceeeda3b5a6aab7bc7e45d6222141d18b5.jpg,2024-07-24,1664669,409,175884,1110,12105,715,471,2024-07-26
1606312211,3461575153289625,异常收录档案,我把自己卖到了缅北第二集，真正的目标浮出水面,同人·手书,http://i1.hdslb.com/bfs/archive/a2a1613c054ba4f691a831bb30bd4d7e6d189402.jpg,2024-07-25,365721,978,38273,2363,11612,339,575,2024-07-26
1056458748,261453718,小鸡词典,老板妈妈：儿子，你在外面到底做什么工作？,搞笑,http://i1.hdslb.com/bfs/archive/d25a9c3ea72f8e12e571eb634d9e604f5289912b.jpg,2024-07-24,908564,1614,69199,13685,3503,2485,1238,2024-07-26
1356269230,662609045,云社_,为每一个母语不是汉语的人感到可惜,人文历史,http://i1.hdslb.com/bfs/archive/237f1c71a6e457cdd42fc80a738fcd224a547dc3.jpg,2024-07-22,2816181,4028,164626,34776,67280,7109,3374,2024-07-26
1756342844,1192648858,何同学工作室,关于我回学校请两位同学吃泡面这件事情……,数码,http://i1.hdslb.com/bfs/archive/1939139538b6f8422b84eaafcdd32f0bc6a6504e.jpg,2024-07-25,302168,1522,18778,3948,2783,546,561,2024-07-26
1006410645,547072854,中气爱,极端特大暴雨来了：超强台风格美突然拐弯，极度湿热范围达到最大,科学科普,http://i1.hdslb.com/bfs/archive/298f1ca91b8f0936afb22b7219fd47876912a31c.jpg,2024-07-24,1839806,4389,81260,5123,4671,12353,8098,2024-07-26
1756327161,3546630773016865,时代少年团,【时代少年团】「叁重楼」L3——「楼非楼」人物概念影像《序章》（上篇）,明星综合,http://i0.hdslb.com/bfs/archive/6b8b242d28490670a0a3ca354fb1ce2a0b89fe52.jpg,2024-07-25,274248,15704,29710,6715,5211,2224,2217,2024-07-26
1706281384,1143898753,李哥我饿了,有史以来拍摄成本最低的一期,美食记录,http://i1.hdslb.com/bfs/archive/e155bf3a4caeca093e31dcf5841cedbe7ab4ba83.jpg,2024-07-25,772772,807,93042,1266,11129,1092,1142,2024-07-26
1956412665,432597324,蓝白argentina,央行连发四支箭！房贷利率历史新低？降息背后的博弈越来越激烈,财经商业,http://i2.hdslb.com/bfs/archive/58f1054ea349a316b8b9104dbf68037432117e71.jpg,2024-07-24,597165,324,16970,2136,6254,1869,1652,2024-07-26
1706405834,642922,韩小沐,在阿b服务器里又加了16G的垃圾(^з^)-☆,舞蹈综合,http://i1.hdslb.com/bfs/archive/28cb7fa8851d0043950de650cb68410adef26202.jpg,2024-07-25,299931,631,13191,567,2023,273,469,2024-07-26
1356292865,173469252,Zhan丨,150w粉丝up主，在读博士，开什么车,汽车生活,http://i0.hdslb.com/bfs/archive/ed44d4c4e59b1075892fe2b6b340e6dcae3acd77.jpg,2024-07-25,514705,666,44356,6709,2752,1617,1199,2024-07-26
1606347537,19584552,CCheny6,被日本网友笑话半年后，腾讯终于知道怎么做二游了！,手机游戏,http://i1.hdslb.com/bfs/archive/2e897006a393361c83be77c114c9c5ba579ef663.jpg,2024-07-24,695318,2000,20361,2822,3108,1253,449,2024-07-26
1256384757,90596489,时空koi,我找到了这些UP主的第一个视频...,搞笑,http://i1.hdslb.com/bfs/archive/613a738f06ad142d4c7b4557e992d6431b025f2c.jpg,2024-07-24,998247,1444,24840,7854,19414,267,806,2024-07-26
1156323302,375694493,招商银行App,职场必修课：五险一金的那些事儿,财经商业,http://i2.hdslb.com/bfs/archive/41cea6b47b27493ffd37cb9e6e471e8d3b863dfe.jpg,2024-07-25,47604,49,20857,572,2550,2072,89,2024-07-26
112837565353639,353546529,Citypop霓虹蓝,隔壁是假的 这才是真的 // 2024 无畏契约全球冠军赛主题曲,电子竞技,http://i2.hdslb.com/bfs/archive/0b556f3abda6c96caf4f6486152ccdfe7ebe3777.jpg,2024-07-23,278855,321,12248,5218,4090,4063,561,2024-07-26
1106456161,301717426,周扒片,【扒】演首富的老婆孩子，合约十年，侯默成孤家寡人《辛普森一家》之演员妻儿,综合,http://i1.hdslb.com/bfs/archive/1d0767a88ba09cf82c0d39523c84423aec4ade58.jpg,2024-07-25,245912,336,22666,1372,1561,98,177,2024-07-26
1256322798,3546377478998801,食品科学阿祖,求求了 别再瞎胡闹了,健身,http://i1.hdslb.com/bfs/archive/013406de2245c34de3283fa8c8a7c04c943774f0.jpg,2024-07-24,370822,635,48066,545,2243,723,687,2024-07-26
1706423067,454719565,奇闻观察室,疯狂捐精子女破千，成为世上孩子最多的人，探索捐精狂魔不为人知的故事,人文历史,http://i0.hdslb.com/bfs/archive/5ee8feff50c2ef62470dcf39e87613c5d80bb47b.jpg,2024-07-25,343993,2086,15928,1361,3055,1843,677,2024-07-26
1306341253,241679003,小叮当的伙伴们,给甲方拉坨大的,搞笑,http://i0.hdslb.com/bfs/archive/5c6a20e3821842bd5b86ec725ad330b3ffc9a902.jpg,2024-07-25,646134,2094,69032,6933,5256,1894,940,2024-07-26
1256412722,272654283,咸鱼梦想家vlog,小伙吃北京小吃真大胆，竟然敢尝老北京豆汁，还好羊肉串挺香的,美食侦探,http://i1.hdslb.com/bfs/archive/0115bff6f530873b5d797a1cb7f80710ba216a09.jpg,2024-07-25,312581,4436,26777,2835,2040,1228,1460,2024-07-26
1856464554,489618859,铁柱大导演,戒网瘾集中营又来了！,搞笑,http://i1.hdslb.com/bfs/archive/84e1b906765c1fccf171b9838c41f64fcfeefd7d.jpg,2024-07-24,801509,5120,44970,3496,4788,3756,6715,2024-07-26
1356420982,247737441,镖师阿豪,300吨变压器，大件运输全过程。,科工机械,http://i0.hdslb.com/bfs/archive/5415657a1a6b37ab6a60442e5d7f2580a090912f.jpg,2024-07-24,647752,2877,39969,10355,5172,1614,1351,2024-07-26
1906360029,1410424517,穆糖纯纯纯,文化博大精深，就服咱的老祖宗！,人文历史,http://i0.hdslb.com/bfs/archive/5da376830ae5c3eb4e6b599e7db448b18f3baba6.jpg,2024-07-25,414485,276,30587,977,5723,733,367,2024-07-26
1756355535,337294714,极速拍档-Berlin,买台破面包，带父母去新疆，没想到竟然？,汽车生活,http://i1.hdslb.com/bfs/archive/247d7e423d4e77e53b55a0a123f37fcc4d6c2e70.jpg,2024-07-25,286013,1620,28469,20450,4055,505,818,2024-07-26
1406304381,431073645,你的影月月,【绝区零】注意脚下安全 (7.26已更)活动攻略/浮冰空洞/HIA数据样本/绝区零1.0,手机游戏,http://i1.hdslb.com/bfs/archive/1d0931e73835b335ebc59fe5e5414438c423121a.jpg,2024-07-24,252488,344,18022,7105,3347,235,514,2024-07-26
1506437447,14890801,大炒面制造者Cen,当你「受到伤害」最高就能获得胜利？？！,单机游戏,http://i0.hdslb.com/bfs/archive/3ab9b6106d5fba2244ee2c28d6a9caf5d93dc999.jpg,2024-07-25,683184,2784,74590,14940,9171,468,630,2024-07-26
1406417276,551188239,企鹅带带北极熊,“这哪是抽卡，这是反诈宣传！”,手机游戏,http://i2.hdslb.com/bfs/archive/d10f091fb2ad90ff445b8cb225a6f222521e37e0.jpg,2024-07-24,854138,4267,96600,32781,7724,1719,1964,2024-07-26
1256486517,3546720545803162,世界最强人工智能_Fairy,【Fairy翻唱】world.execute(me);,GMV,http://i2.hdslb.com/bfs/archive/9de82a34b01337574c2f8a946cbe6bd2fa99eb77.jpg,2024-07-24,511973,619,57074,7431,18017,2817,1705,2024-07-26
1256446493,1797280989,谭维维,关于第十期橘老师reaction的奔赴反re～,音乐现场,http://i1.hdslb.com/bfs/archive/555e9ad9fc27d67a63efdac556dee34a840180f9.jpg,2024-07-25,444193,1734,22973,6159,2551,3037,1920,2024-07-26
1756309026,1984198637,西班牙陈挺,西班牙老外在中国第一经济大省逛了逛，又被神秘小作坊惊呆了,日常,http://i0.hdslb.com/bfs/archive/c4739d0ce712cf56c3d027bcea5d37ff8edaaf89.jpg,2024-07-25,414180,685,38454,1462,880,112,991,2024-07-26
1006491442,7487399,努力的Lorre,无剧透《死侍与金刚狼》观影包爽指南！是兄弟就来砍我！,影视杂谈,http://i2.hdslb.com/bfs/archive/a1f06617f2fca56269bf775bcfc2e6356c7f5ac3.jpg,2024-07-25,434297,440,26394,1961,2948,6412,1480,2024-07-26
1656446271,3546589482191133,晴空之下,《晴空之下》首曝CG动画——围场，变身于此！,手机游戏,http://i1.hdslb.com/bfs/archive/a46cd16d13cb397b816c106e2d1be2bbd7e4f844.png,2024-07-23,6834956,3058,109928,25223,32047,18999,5256,2024-07-26
1156461450,125047879,单走一张六,我就想让我父母过得好点儿，咋啦？,日常,http://i2.hdslb.com/bfs/archive/fca3033a749b679982d9249324de3f306c9d6c2e.jpg,2024-07-25,236667,1252,25794,20865,2825,450,1752,2024-07-26
1256381534,3493077696121618,张圣叹Yo,今年最好一餐依旧是在荒岛,美食测评,http://i0.hdslb.com/bfs/archive/697b6f64c8cbe36357b7e46ad776eba991d43b66.jpg,2024-07-25,355084,700,38585,1041,1910,244,416,2024-07-26
1106457709,1437482249,剪狗毛的倩哥,用四个月时间，看到了5块钱买的染色小鸡长大后的样子！,汪星人,http://i2.hdslb.com/bfs/archive/02316ec19a3175c8057fa61e19600c775eb59fec.jpg,2024-07-23,1823424,4593,163074,5478,8859,2410,3486,2024-07-26
1356368537,276914502,文化人赵老八,啊？这游戏很难吗！！！,单机游戏,http://i1.hdslb.com/bfs/archive/719dd0ce2b7670ec84d26063ecdce2f00e5a0b3c.jpg,2024-07-19,6250713,7177,568675,59521,126605,88456,5045,2024-07-26
1106440136,10462362,天天卡牌,【逗鱼时刻】第425期 神棍？神秘！,桌游棋牌,http://i0.hdslb.com/bfs/archive/35358517f39370754c8276681c4e4285a55ccfe4.jpg,2024-07-25,420647,3839,24173,7447,2075,1745,994,2024-07-26
1406424327,405067166,铁秀IRONSHOW,路特斯繁花，铁秀坡新王！<短的铁秀>,新能源车,http://i2.hdslb.com/bfs/archive/5c6de0f0fed104f9431570d8da0f32c7128865e4.jpg,2024-07-25,290980,2269,20797,7079,2177,2689,1320,2024-07-26
1206429267,85754245,superB太,从上海打车去新疆第五站，带大姐来北京，我帮助大姐圆了首都梦…吗,美食侦探,http://i2.hdslb.com/bfs/archive/e50b65b2af1d2a0045e186f6a610bb5b95a8c3b8.jpg,2024-07-25,285626,756,28249,1939,969,270,562,2024-07-26
112824663672473,3546728414316636,林黛玉倒拔垂杨柳945,醉里挑灯看剑,翻唱,http://i2.hdslb.com/bfs/archive/f0729dd732692c8149f555a52b422d5d6e0ee1c8.jpg,2024-07-21,2465221,1408,570908,47352,82057,9164,2975,2024-07-26
1806254506,88160614,困困君丶,点进来享受10w场熟练度带来的视觉盛宴吧....,电子竞技,http://i2.hdslb.com/bfs/archive/618effe430778714466b0abb1344f21f3e371765.jpg,2024-07-25,279708,212,31555,7393,1038,292,176,2024-07-26
1606306587,1867759108,大鹏快开车,倒退30年！没有导航APP竟然是这么开车的？,新能源车,http://i0.hdslb.com/bfs/archive/d31eae391003f469405bebead660ea6022ec9e65.jpg,2024-07-25,307904,2807,22185,6750,1613,688,1205,2024-07-26
1756278081,37663924,硬核的半佛仙人,【半佛】为什么说拍立得相机是人生的后悔药,财经商业,http://i1.hdslb.com/bfs/archive/2016b79fbccfe0a270df3f59a4295c36546fbd21.jpg,2024-07-24,809008,439,47124,1865,4106,1148,758,2024-07-26
1206460459,289459693,你们的主人TACHANKA,【终末地搞笑剧场】管理员：第一次来终末地 先吃个jio子,同人·手书,http://i1.hdslb.com/bfs/archive/f5aa2e9fdea8a3d3a2a2af3c24ec6d0ba8df38cc.jpg,2024-07-25,204634,896,27261,6450,8423,730,412,2024-07-26
1306277807,3493260618106936,伤心欲茄222,《最惨痛の一次空大》,搞笑,http://i2.hdslb.com/bfs/archive/51240d4bee86900918e9f60041070ad03d3502de.jpg,2024-07-24,1543689,1010,243841,3488,8572,3075,1448,2024-07-26
1506407839,8299159,特别厉害的祁奕翔,【锐评】“年度十大热歌”这都是什么鬼？绷不住了！,音乐综合,http://i2.hdslb.com/bfs/archive/c23886bf8c8cfa611fce03a213f8e4460a1b9fe3.jpg,2024-07-24,442783,6982,19824,1549,3671,903,1670,2024-07-26
1156491534,34456580,药儿哟,敌人逼我到绝境，逆风击败24人！全局解说！,单机游戏,http://i2.hdslb.com/bfs/archive/536341af5c0c1f62ebf89316209e1989197ea83d.jpg,2024-07-25,138519,1642,21713,3747,1786,119,471,2024-07-26
1556489751,14110780,凉风Kaze,答不出来就！死！,搞笑,http://i1.hdslb.com/bfs/archive/a6dc74cda6cd59ce2f2d7f768f071c347ead69d2.jpg,2024-07-25,229693,1049,23293,2374,1346,164,400,2024-07-26
1506496193,1714934242,乐纸LightHE,⚡这种村民怎么能活在世上啊⚡,单机游戏,http://i2.hdslb.com/bfs/archive/742d5c208ebe41679eae1d4555a8adea716a19aa.jpg,2024-07-23,1369596,1162,97247,21253,26637,620,400,2024-07-26
1306463814,268941858,磊哥游戏,蒙恬，为了胜利，对他使用鸡爪吧,手机游戏,http://i1.hdslb.com/bfs/archive/39f168e7b38a4cc4d25cb16f2e8d2cef1acdd40b.jpg,2024-07-23,2056396,2704,167834,8857,7776,2372,3469,2024-07-26
1556457805,1791101,鲁过一世,圣女沦为一次性工具，救世英雄才是反派BOSS？这动画太炸裂了！,动漫杂谈,http://i0.hdslb.com/bfs/archive/b3a1d379a130b41851930e0f9d288af24f9b0f37.jpg,2024-07-24,736274,1312,33394,2449,11313,484,476,2024-07-26
1956315995,8779497,一颗奶糖不加糖,原来造黄瑶真的没有成本？！,搞笑,http://i2.hdslb.com/bfs/archive/14b19d32fe0b6acc71f599476b5e12728a2a7c26.jpg,2024-07-24,865430,1405,81748,6013,9165,420,2525,2024-07-26
1506461892,297882491,BBoxer酋长,边吃BBox边打活珠子,演奏,http://i1.hdslb.com/bfs/archive/b8c51e42ee2ee92e1c7753d2d45ae0ae03e9dcc2.jpg,2024-07-25,351776,1337,41609,7964,5424,5378,1193,2024-07-26
1656451744,37990089,刘三姨啊,面对“性别歧视”，70年前的女科学家是如何做的？,人文历史,http://i2.hdslb.com/bfs/archive/5c33cd925fa1f2bc2d32263833c9cc1a72f76405.jpg,2024-07-20,1116926,1122,221284,17852,13628,581,136,2024-07-26
112840753024816,598838053,ihouse-包子全是水,我已经整理了一个星期了，旅居小城真的太多了,出行,http://i0.hdslb.com/bfs/archive/97c04ddffb5871b43e0227eff0832e7870cca53a.jpg,2024-07-24,708348,205,52149,2788,22094,2076,1329,2024-07-26
1456269008,3493265269590447,海露滴眼液,⚡因熬夜被罚虎视眈眈一分钟⚡,同人·手书,http://i1.hdslb.com/bfs/archive/f7040cbd7e133e9748076cf6a6dd85f9f26f0fbb.jpg,2024-07-25,235608,655,16568,1390,4789,2196,423,2024-07-26
1606277808,97213827,潜艇伟伟迷,一起来，三拼，抽奖盒子！,单机游戏,http://i1.hdslb.com/bfs/archive/76f154294fdadabdba80372ecba3c7cb1c7a7d49.jpg,2024-07-24,1095282,2141,63161,3970,3415,448,2306,2024-07-26
1956338492,701180662,医者正心中医小袁,教大学牲生活之，怎样通过尿液颜色，判断身体状况,日常,http://i1.hdslb.com/bfs/archive/c8e545a886056e37d7b593714f3c2cbab55d158c.jpg,2024-07-23,504118,2638,58348,1233,8491,7524,1515,2024-07-26
1206262984,328081491,艺术菜花,灵感女孩,短片,http://i0.hdslb.com/bfs/archive/aa2df0e72f7a2bac2ad2c868f526e25e589df7f3.jpg,2024-07-24,277977,137,48728,4502,4513,613,417,2024-07-26
1706423882,1955897084,鸣潮,《鸣潮》过场动画 | 追寻,手机游戏,http://i1.hdslb.com/bfs/archive/1bee127c33b2350235dcc5085cf2aebf52f77264.jpg,2024-07-24,1877679,3153,105122,32408,20559,6070,6250,2024-07-26
1506300326,1625060795,浪仔小牛,杭州近40度高温，每天都睡地上，泡水库，商城吹空调。,日常,http://i2.hdslb.com/bfs/archive/61d43a0cdd8110ae1c66acd7c910d0ab6817ce19.jpg,2024-07-24,630824,4031,16043,4941,1561,1672,1136,2024-07-26
1556354160,94510621,梗指南,演的什么玩意这是是什么梗【梗指南】,搞笑,http://i0.hdslb.com/bfs/archive/85043356203f5f4d399e78e34e3246f5c2d5a57f.jpg,2024-07-24,784568,887,50218,979,3977,2164,713,2024-07-26
1456444176,374377163,全球档案馆,广东兴宁两少年水库游野泳溺亡，他们错失了唯一个生还的机会,科学科普,http://i0.hdslb.com/bfs/archive/22065ba327fd53499d539f6b03390bd5ac1f3d85.jpg,2024-07-23,2460853,4343,86620,5038,21885,11233,8030,2024-07-26
1406414967,289475254,碧月狐,逆 天 溺 水,单机游戏,http://i2.hdslb.com/bfs/archive/100ec89391661bf8bd02948d4b78b6c81e772c08.jpg,2024-07-25,1047754,1020,89070,2291,17266,888,593,2024-07-26
1206444976,3493293822314800,玉Wood,［针管］蒲公英的约定，这真的能这么好听吗？周董爱上我系列,演奏,http://i1.hdslb.com/bfs/archive/fd334e1ed61ae583d90c299e27a7cec6d33505e8.jpg,2024-07-21,356875,492,84613,8138,7360,4693,1025,2024-07-26
112822532967651,3546724847061827,张司_,咱们来试一试！,健身,http://i2.hdslb.com/bfs/archive/1ce489e4eac9f6a1f1616be01eda348e00dd0215.jpg,2024-07-21,1755657,292,154157,1905,8834,11043,2057,2024-07-26
1556289747,50660116,上班族的便当,花200块，做一根全网最大的巧乐兹！,美食制作,http://i0.hdslb.com/bfs/archive/4a68ad7a887c9193051a9f77445a76c3671f8fed.jpg,2024-07-25,303693,784,13062,3451,2266,624,356,2024-07-26
1756487844,385315631,OWEN欧阳子文,《没苦硬吃 没福硬享》完整版！两代人的答案，原来藏在副歌里！,原创音乐,http://i2.hdslb.com/bfs/archive/832b1291adb45dd0da4fd562b0d873a3a7dc27f1.jpg,2024-07-21,1634071,828,207366,48539,65115,18919,1949,2024-07-26
1506344180,649019192,方芳的快乐生活,上海老弄堂排队王面馆，猪肝蛤蜊拌面超嫩超好吃～,美食侦探,http://i2.hdslb.com/bfs/archive/7c93dad1bb5b22f819ceba9aa7fb10e1c2835b1c.jpg,2024-07-25,336453,1699,23516,5155,1718,867,553,2024-07-26
1806486162,478608619,大圆哥_,今天来了很多人，别管认识不认识了，反正摆了4桌,搞笑,http://i2.hdslb.com/bfs/archive/f2b54dc0361052c5fc2f068e2bdc3896ecc4dd10.jpg,2024-07-24,721762,1886,61586,15272,2936,814,972,2024-07-26
112836491805217,11350175,BW无常,《主角与配角》颜文字版,影视整活,http://i0.hdslb.com/bfs/archive/236aeed136877d4262d4e5510852e6a1335e3d71.jpg,2024-07-24,396340,978,30397,14075,9183,3229,1284,2024-07-26
1406261986,97240074,龙之王修罗,“这里是童话镇，但并不充满童话”,人力VOCALOID,http://i2.hdslb.com/bfs/archive/a2db624c863749720a402f7f01a128c84e71dee2.jpg,2024-07-23,489465,613,39297,15436,14906,1515,432,2024-07-26
1656270865,609574224,阿宅寒星星,何不食肉糜？,搞笑,http://i1.hdslb.com/bfs/archive/bd1e6000d1624856b20a94338064c9595372834c.jpg,2024-07-20,8065708,3335,661691,28483,84275,6141,2375,2024-07-26
1706479999,649661652,胖龙的小生活,胖龙成了冤总“一千元买了根羊蝎子”好吃就是贵,美食记录,http://i0.hdslb.com/bfs/archive/efcc1fc8ee04b6de831424dbe1af2dd4a4f4c236.jpg,2024-07-25,422341,1301,18918,2719,1107,153,439,2024-07-26
1806271593,676128647,张踩铃,张拿铁原来是印第安土著,搞笑,http://i0.hdslb.com/bfs/archive/88c6f594f6ca049a4cfceeaae4ce467bf0855ef7.jpg,2024-07-25,281938,376,28532,922,739,506,752,2024-07-26
1256315340,8680974,干饭三健客,地道重庆火锅，嫩肉片9元一份，三健客练完狠狠吃三大桌,美食记录,http://i2.hdslb.com/bfs/archive/70bac235634048f893e4ca4bf34f4a56da9697c9.jpg,2024-07-25,321956,567,18151,2113,954,859,808,2024-07-26
1756370733,661852124,MC小决,穷小子打工记4,网络游戏,http://i2.hdslb.com/bfs/archive/297d732c3864ba2d21889f1e9f1765509b3a2a10.jpg,2024-07-25,308141,397,31049,1029,13715,239,338,2024-07-26
1556253591,395876338,星星SAT,双人成行_很久都没有单人硬行啦,网络游戏,http://i2.hdslb.com/bfs/archive/4856686c887eb46aaba157620a60c2ac0a6f5139.jpg,2024-07-22,1914989,740,110975,1198,8148,16843,1466,2024-07-26
1656446465,3546376524794441,萝太永不破防,最 会 变 脸 的 一 集,单机游戏,http://i0.hdslb.com/bfs/archive/5d381650f6d4e74865919c9f2effe60c9c3caef3.jpg,2024-07-25,220788,1252,23594,882,1208,279,490,2024-07-26
1356443952,28734721,一只芋头-taro,【新番】“他是你的臣，你的父，你忠诚的神明”,MAD·AMV,http://i2.hdslb.com/bfs/archive/18f0cafb2e7ad5203be9f2bdeb301d69ce807722.jpg,2024-07-23,543162,193,69859,3912,32383,4848,690,2024-07-26
1056269655,259358419,悠悠球琛总,小黑子团长惊现海口,搞笑,http://i2.hdslb.com/bfs/archive/1e5bec217679cb3b4f11b8006c140599ce5a28d5.jpg,2024-07-21,765086,691,119547,26423,10899,5509,816,2024-07-26
1606276431,1468914255,李福贵1,拉了1000斤桃，今天能卖多少钱？,三农,http://i2.hdslb.com/bfs/archive/60d85bfa342558ea82cb39fac85173bdbd075d40.jpg,2024-07-24,435294,1552,78253,32567,3222,1074,1469,2024-07-26
1906419291,551188239,企鹅带带北极熊,《当你听了28遍朱鸢EP后身体发生的变化》,手机游戏,http://i1.hdslb.com/bfs/archive/02835f6d1b6002987dbac82cae5025072b900e60.jpg,2024-07-25,204678,503,28366,5225,2609,430,1138,2024-07-26
1406468421,21082312,傻帝dai,【魔圆 | 踩点】魔法少女：乐意效劳,MAD·AMV,http://i2.hdslb.com/bfs/archive/137c89d630b8bf881a54a1f5d4bab252a31b32ef.jpg,2024-07-22,462712,294,114817,26857,46547,7265,1400,2024-07-26
1556373982,551931509,小歪很拽,哈哈哈哈谁是卧底,搞笑,http://i0.hdslb.com/bfs/archive/db4d87d7745716b99460c596bf62825e531625c2.jpg,2024-07-24,2727280,703,84816,917,21955,1233,295,2024-07-26
1806314803,7349,STN工作室,锁了就是开了？有可能是AI高手在跟你打,单机游戏,http://i1.hdslb.com/bfs/archive/02cc04cb638424bca021886a7f94e1e0fd632902.jpg,2024-07-25,394630,749,23753,1056,1650,398,413,2024-07-26
1356290849,3493124682811738,法力无边魏律师,在俄罗斯娶14岁女生带回国违法吗？,社科·法律·心理,http://i0.hdslb.com/bfs/archive/9fdbc960af64249784abb7c5a1ae415231f72e2b.jpg,2024-07-23,2319822,1079,252794,1018,22662,6638,2457,2024-07-26
1306281742,3493093158423258,我的世界浴帽,⚡第 五 人 格 杂 交 版 ⚡,单机游戏,http://i2.hdslb.com/bfs/archive/72cb9d9771f48e4af84ed229cad57a19e370d267.jpg,2024-07-25,350001,248,28430,1251,14576,1884,153,2024-07-26
1906395669,414700515,龙腾虎跃龙兽医,牛智商不对劲，太聪明了！村民叫我爸来紧急治疗,三农,http://i0.hdslb.com/bfs/archive/68ca000ea818b235804c343e54052aadfe9b1efa.jpg,2024-07-24,780233,1466,85354,3862,4430,383,720,2024-07-26
1956412874,1659651634,七颗猩猩QKXX,欣答应回归！,搞笑,http://i0.hdslb.com/bfs/archive/d8284148b31d1f3027d6ca5afbee5d36bd9f5721.jpg,2024-07-24,1298843,1744,117311,6125,11259,1872,1151,2024-07-26
1456328266,562197,中国BOY超级大猩猩,看我教你如何变成穷光蛋,单机游戏,http://i1.hdslb.com/bfs/archive/0495d5b9d010975acc0f01b01f627c7758ced217.jpg,2024-07-24,1027953,16080,96318,30980,16968,1073,2915,2024-07-26
1956478832,3461575153289625,异常收录档案,我把自己卖到缅北，还主动上交了100万,同人·手书,http://i1.hdslb.com/bfs/archive/809b75b5162afd2e3740d3d64d7f418b6fcb161e.jpg,2024-07-23,1177776,1863,125149,1602,21400,857,600,2024-07-26
1656363487,3493260093819171,李维刚的日常,奥特曼来了都要亮红灯的职业，我直接把流水线干停！,健身,http://i2.hdslb.com/bfs/archive/c418693b40ce17f3f25662b15136bda2f223d7a3.jpg,2024-07-24,792928,1589,73526,3624,2381,876,2828,2024-07-26
1806368441,576899,w百合欧皇子ww,狱卒姐可不止狱卒～｜4K,仿妆cos,http://i1.hdslb.com/bfs/archive/e99e2ac5dd8c5c6df9b217d9b8916d25b32cb26a.jpg,2024-07-25,308129,163,32565,3468,19601,981,379,2024-07-26
1056296608,37091408,辰辰辰桑L,骗你一下就漏出破绽！,手机游戏,http://i2.hdslb.com/bfs/archive/d2c84596f3994e5c8a11ed8b47a75b7dfae190e2.jpg,2024-07-25,322130,83,45383,637,6864,2596,294,2024-07-26
1006330133,542507083,贝加尔阿楠,俄罗斯老丈母娘喜获彩钢屋顶 房盖材料全部来自中国,日常,http://i1.hdslb.com/bfs/archive/a4a062eef03fc96b9a33957d787ce1df1ab34179.jpg,2024-07-25,317348,2703,26517,8351,1306,122,1091,2024-07-26
1456419244,1046210349,迂磨二公子,三无试剂才是实验的关键,搞笑,http://i0.hdslb.com/bfs/archive/66f05a23a221f5b79c6d3acc79791349054ac283.jpg,2024-07-25,308268,165,32507,750,899,113,534,2024-07-26
1006398834,1542136,三笠・阿克曼,谁懂泳装的含金量！！,同人·手书,http://i2.hdslb.com/bfs/archive/036495cde659596306633097aeccf144271ccde2.jpg,2024-07-25,206406,322,28554,2268,5771,1499,182,2024-07-26
1956268367,474853499,李如儒也是李蠕蠕,当我以为自己很有氛围感的时候vs实际上的 真实住了吗？,小剧场,http://i2.hdslb.com/bfs/archive/cd26cfddeaf996c77200dcae3bddce15f7364ca8.jpg,2024-07-24,1364130,713,177583,3150,5589,970,668,2024-07-26
1606404021,8237763,阿张RayZhang,悍 匪 野 外 捆 绑 大 光 头,翻唱,http://i0.hdslb.com/bfs/archive/9a3d61b300335c12b26e549339693cb31bc90b0e.jpg,2024-07-25,615198,409,13431,713,1214,316,319,2024-07-26
1656406930,14583962,思维实验室,抗战后东北有多危险！共产党为什么着急冲进东北？,人文历史,http://i0.hdslb.com/bfs/archive/91bcf5f960eaea286c25b7fa99cb4581b3ccedcc.jpg,2024-07-23,609336,552,46053,3634,11515,644,253,2024-07-26
1856392294,3493257069725782,摸鱼佬临风,我曾是人类,鬼畜剧场,http://i0.hdslb.com/bfs/archive/a97c0fd7500de1c3095d04be940bee0bf5d6cd9d.jpg,2024-07-24,616179,3893,85023,34266,23184,1290,995,2024-07-26
1306351588,7690817,北美燕双鹰,《双枪巴雷特》,野生技能协会,http://i0.hdslb.com/bfs/archive/1b0a68ffee59b9a09985256d57c9fda6129464c3.jpg,2024-07-24,2338533,1784,285810,11969,14307,15599,3500,2024-07-26
1406408636,1415483599,磷火动漫,穿越成为亚波人 又做了艾斯的人间体P3,国产原创相关,http://i1.hdslb.com/bfs/archive/123ce775d21d8c1df406ddec8907de7b5f30ddba.jpg,2024-07-25,615291,1926,10629,3207,22272,93,330,2024-07-26
1206496294,1987097349,凡人不漫剪,”后来有人似你三分我便慌了神“,综合,http://i1.hdslb.com/bfs/archive/4fb9edb0b747be9c6f40ddf894d0a58374e12e00.jpg,2024-07-23,2043136,772,307746,19379,88935,19701,1814,2024-07-26
1556453868,417298480,村驴,【听说麻辣烫很贵？手把手教你做家庭版麻辣烫】配料家常，做法简单！厨房小白轻松搞定！,美食制作,http://i2.hdslb.com/bfs/archive/2f71df20860f9da2d92cd078aad58fab85fd4529.jpg,2024-07-24,945490,894,131291,6059,81040,9839,1546,2024-07-26
1656306589,1870883193,猫后生,猫咪：是小鸡自己钻进来的！,动物二创,http://i2.hdslb.com/bfs/archive/2c4fd4ab9835956c5bd1f15c52162acacb1e6372.jpg,2024-07-25,301360,209,33895,1878,3035,2661,380,2024-07-26
1656344066,699603717,恋与深空,免费五星思念——「祁煜·熠熠描摹」PV公开！,手机游戏,http://i2.hdslb.com/bfs/archive/19ebeb94a0502ce808d185f7de974af11d5d36d1.png,2024-07-25,306011,1864,33549,6858,5193,5423,3401,2024-07-26
1556308071,1793756432,阿科车与生活,上高速被蹭etc怎么办，几招让他面临巨大惩罚！,汽车生活,http://i2.hdslb.com/bfs/archive/7c4f80d7007b609fdf7f43b10870a5c2158133b5.jpg,2024-07-22,876291,77,29735,565,9832,359,316,2024-07-26
1906004033,1027737427,MrBeast官方账号,【MrBeast公益】我建了100栋房子然后把他送人了！,日常,http://i0.hdslb.com/bfs/archive/79e22447d41a18f2780afcdf482b4afe0dcce440.jpg,2024-07-19,3834546,7068,420178,263251,101217,6654,4922,2024-07-26
1656366493,1699496602,李什么闯啊,《关于同事准点下班这件事》,小剧场,http://i0.hdslb.com/bfs/archive/1904020cef639b4e69764337c21087d9787de488.jpg,2024-07-23,1541808,1066,155145,7189,13835,13773,967,2024-07-26
1356438812,1051357359,只因宝宝儿,挑战一天只吃草莓,搞笑,http://i2.hdslb.com/bfs/archive/e100765ba8f69c2fd22c7ef0b1a1b488d82e9096.jpg,2024-07-24,813032,1030,83751,768,3864,997,501,2024-07-26
1156331712,18706318,龙女之声,Bro以为自己这身装甲已经无敌了 常见食用蟹图鉴一,科学科普,http://i1.hdslb.com/bfs/archive/35f61da8ab7302ec12e709b88d131d9c2997bc59.jpg,2024-07-24,645397,2461,39073,9528,6811,791,734,2024-07-26
1806254282,342457336,你眼中的骷髅,受气的米虫,鬼畜调教,http://i0.hdslb.com/bfs/archive/d2169346f77f9adc0c1450a1a2f92d61b1071bdc.jpg,2024-07-25,241885,185,46335,1660,5734,775,327,2024-07-26
1656485791,1636034895,绝区零,《绝区零》朱鸢角色PV | 治安局最最终版.avi,手机游戏,http://i2.hdslb.com/bfs/archive/b805b11cf782db8cde01782959215ab2d20659b7.jpg,2024-07-21,4475609,11064,331666,184341,73696,29946,7991,2024-07-26
1706443226,1280845152,博林讲动物,大食蚁兽有两个头？,野生动物,http://i0.hdslb.com/bfs/archive/3bc46dbf7bb77910465e59dd90d391d3eea0b88a.jpg,2024-07-22,3042087,683,81018,560,4768,1015,535,2024-07-26
1306416645,7797024,DDDD竹子,【七圣召唤】你 的 牌 力 在 我 之 下！,手机游戏,http://i0.hdslb.com/bfs/archive/b2292eca014beae19371200f967309a246b85f28.jpg,2024-07-23,315458,481,86663,29654,24877,3845,915,2024-07-26
1056337347,3493278460676126,TooT嘟嘟旅程,卡车司机的专门餐厅，要说这个真够经济实惠的【守护法兰西S03E46】,人文历史,http://i0.hdslb.com/bfs/archive/8d6465491abc06d023df23fe559d04089cec43e5.jpg,2024-07-25,147035,1213,13904,4157,2635,464,532,2024-07-26
1356493798,1629347259,红警HBK08,红警对手到处指点江山！全场给我拉仇恨，可惜让他失望了！,单机游戏,http://i2.hdslb.com/bfs/archive/0459f84090989796cd6bd34075a464693273d1dc.jpg,2024-07-25,306841,1768,22987,4427,975,139,750,2024-07-26
1256439329,3493105034594510,十六van游戏,这一抽，我堵上一切！,电子竞技,http://i2.hdslb.com/bfs/archive/39f5ca2ddd517f3f12e46ad1a4d7ae97036baea1.jpg,2024-07-25,168588,594,17102,5627,1427,1051,417,2024-07-26
1706372456,472102908,阿蔡美食雕刻,第46期四菜一汤教程：可乐鸡翅，砂锅焖虾，油焖正蛤，虾皮炒包菜，丝瓜丸子汤，从买菜开始到成品，包教包会的，学起来吧！#bilibili食界杯,美食制作,http://i0.hdslb.com/bfs/archive/204c7cd861b5c3f16b277c71c3fdab6d40d28f20.jpg,2024-07-24,597948,829,99445,18764,9391,2841,1047,2024-07-26
1006411452,449818796,岩浆坑里的恶魔呆头鹅,【王国保卫战5:联盟】 主线全流程老兵难度(完结),单机游戏,http://i2.hdslb.com/bfs/archive/406fc7838ff8e5394b1b3a860682f1c7bc9d41c5.jpg,2024-07-24,260380,4645,8870,2747,3365,1622,1822,2024-07-26
1106482878,1876542,骚橙丶,从1.2到4.8，杜林的坑没填完，反而变大了！原神大结局预告？【原神剧情解析】希穆兰卡,手机游戏,http://i2.hdslb.com/bfs/archive/e756325dde5f1e6f1947c3531ff42a6be703c79b.jpg,2024-07-25,167869,815,16395,4528,2918,883,3759,2024-07-26
1556450123,272654283,咸鱼梦想家vlog,小伙饿坏了，买了一份广东打工人最爱的猪脚饭，狼吞虎咽吃着很过瘾,美食侦探,http://i0.hdslb.com/bfs/archive/ae8d19299e3f8a73a6d9273f1a2fcfa4aa73cf14.jpg,2024-07-22,3158878,8218,119945,12679,34118,4158,2731,2024-07-26
1206306998,8619843,茗家的鸫,手搓鲨鱼妹！  摸到真艾莲的尾巴啦,模玩·周边,http://i0.hdslb.com/bfs/archive/4589b972b46e19d774d8874a49491ee56e470ccd.jpg,2024-07-24,523292,404,55928,7390,19012,1665,469,2024-07-26
1256260702,6087825,小紧张的虫虫,震惊！杭州大学生吃这么好！,美食侦探,http://i1.hdslb.com/bfs/archive/e0e4bea49d2c8f93344d91747a5c9c2264b1269d.jpg,2024-07-25,258405,1216,17760,2063,1538,652,345,2024-07-26
1106491511,888465,暗猫の祝福,【绝区零/朱鸢】这个B班就上到这,同人·手书,http://i0.hdslb.com/bfs/archive/05959a94921ccfe526dd07f6d8e9c78619c86994.jpg,2024-07-25,141962,118,24173,3185,6379,317,235,2024-07-26
