视频 ID,用户 ID,用户昵称,标题,归属类别,图片,发布时间,观看人数,弹幕数,点赞数,投币数,收藏数,分享数,评论数,当前时间
114511428198357,1659154,下班威龙,价格相差一倍，到手一摸一样，拼〇饭能吃吗？,美食侦探,http://i1.hdslb.com/bfs/archive/d94386890036341bf30d548c55b50e5231c29269.jpg,2025-05-15,2384529,774,61021,746,5456,1371,1894,2025-05-16
114511545634358,3493127159548137,俞涛不光会做九转大肠,在长沙录制美食综艺结束后酒店的外卖放纵餐,美食记录,http://i0.hdslb.com/bfs/archive/6631de32e5b3b76fc7b34ab63796eaf3bc33d088.jpg,2025-05-16,1517443,479,75987,927,2977,369,812,2025-05-16
114509767250635,3546811782400683,遗忘之海,《遗忘之海》首曝概念片——Yo Ho！,GMV,http://i0.hdslb.com/bfs/archive/b7087da6215d2d2b14c63e1c38b3475968b99327.jpg,2025-05-16,2627276,555,54453,17738,21037,7001,1800,2025-05-16
114500959209512,98627270,哔哩哔哩国创,【独家】《鲲吞天下之掌门归来》第4集 身份曝光【5月国创】,国产动画,http://i2.hdslb.com/bfs/archive/3d8c33d710894c3951941719bbc60cccf8689b2e.jpg,2025-05-15,722643,1457,4607,1827,944,100,691,2025-05-16
114504499201522,3546888255048212,特厨隋坡,揭秘！吃一顿国宴是什么体验？,美食侦探,http://i1.hdslb.com/bfs/archive/484baf613f271f510d8b4c1e3837e96adaf70e3d.jpg,2025-05-15,3193290,17398,486358,193417,53148,18906,11595,2025-05-16
114506864856806,147166910,雨哥到处跑,《 偷 心 杀 手 》,日常,http://i1.hdslb.com/bfs/archive/4050adbb090e2705606f49568c0b285888ded962.jpg,2025-05-16,673575,955,14519,2486,1514,368,513,2025-05-16
114458596739076,3546636978489848,异环,《异环》「收容测试」招募PV丨即刻开始收容！,极客DIY,http://i2.hdslb.com/bfs/archive/c05728068846622a363fcf34574c263bdaec13bb.jpg,2025-05-15,4011529,3167,118699,31288,31345,24175,10757,2025-05-16
114516427935284,627888730,星有野,“ 如果你逢赌必输 那就赌我不会出现吧 ”,同人·手书,http://i1.hdslb.com/bfs/archive/d176767a2bab842bc40a920fa3e20c2c007a19d0.jpg,2025-05-16,139166,839,22004,7652,3305,1023,799,2025-05-16
114513206580510,31009079,萧然Q,【矢量突破#1 无机物】全关卡 尽量摆完挂机 简单好抄,手机游戏,http://i1.hdslb.com/bfs/archive/b1c7081fbdb2150ff785d1f5cb7d946741a57a65.jpg,2025-05-15,1184247,1920,19533,12928,6719,805,1968,2025-05-16
114511142983570,1532165,papi酱,说来你可能不信，我们老板真是一个好好的人呀！❤️❤️❤️,短片,http://i2.hdslb.com/bfs/archive/9b26d0b2494d90667fa45b7cb815df1988123441.jpg,2025-05-16,145686,417,21834,4089,1410,1965,783,2025-05-16
114510958499544,31009079,萧然Q,【众生行记】MT-S-1至MT-S-5突袭 摆完挂机 简单好抄,手机游戏,http://i0.hdslb.com/bfs/archive/b4a47fe7555ee1b45451666f617990b826e19d9c.jpg,2025-05-15,2180975,1774,33967,25814,7449,1286,4880,2025-05-16
114512585820211,488361314,我为祖国流过血,森林之子2号线通车啦！！,单机游戏,http://i0.hdslb.com/bfs/archive/f1024faac422f8d1d1b0dcfe89c09f322a228892.jpg,2025-05-15,294871,515,31572,20680,3638,2106,524,2025-05-16
114506428581343,1434684405,激光小野牛,空调,科学科普,http://i0.hdslb.com/bfs/archive/f869c136d7c9b36db6d706e295012ff17c780a1c.jpg,2025-05-15,1382266,212,62108,867,7211,353,845,2025-05-16
114492520275411,490340432,英语老师晓艳,你可能不知道我是谁，但是你一定听过我的声音,日常,http://i0.hdslb.com/bfs/archive/82242549eb16c89c181aebbbd5d12646108ace28.jpg,2025-05-12,4462797,55548,254426,36785,116065,19806,3748,2025-05-16
114507032561011,399287638,小弑弑,不要忘了你玩这游戏的初衷，我只示范一次看清楚了，成男队的合轴张力！,手机游戏,http://i2.hdslb.com/bfs/archive/a54ec707d66cf73083f6667b5d2becaedf598f10.jpg,2025-05-15,749069,1734,73424,15498,17704,9319,2169,2025-05-16
114510337738118,352431409,那就叫王师傅吧,一个人如何越活越精神,日常,http://i1.hdslb.com/bfs/archive/f333cdf7947c078d07bfceff414ede8a98500728.jpg,2025-05-15,1870777,1267,126055,3018,14487,6594,1255,2025-05-16
114484081335261,88070980,Ty丶童心未泯,选 择 你 的 干 员 ！,手机游戏,http://i2.hdslb.com/bfs/archive/7696018636ea5f7448bf6da120f8c07f1c0c4aba.jpg,2025-05-11,4348796,4360,421222,94851,228217,103360,10734,2025-05-16
114516931122278,10462362,天天卡牌,【逗鱼时刻】第458期 什么叫惊喜？,桌游棋牌,http://i1.hdslb.com/bfs/archive/aa13ab45bad95ede3b6d09e48d8e877d48cb9566.jpg,2025-05-16,180951,1408,10583,2766,1066,350,844,2025-05-16
114511193313379,395936853,了不起的八万二饼,同样的外卖价格差一倍？！它们到底有什么区别？！,美食测评,http://i0.hdslb.com/bfs/archive/58d0e7eebc7c6723b039b4c477201fbf8ccf1cf0.jpg,2025-05-15,466840,224,22514,2457,1636,493,527,2025-05-16
114516327203269,39627524,食贫道,10万外地人，如何在深山建起超级钢城？,人文历史,http://i0.hdslb.com/bfs/archive/4bbe129a5e0151086c25b37cc45866b4dfc5f231.jpg,2025-05-16,101617,1789,10652,4491,2873,847,434,2025-05-16
114511193444175,703186600,麻薯波比呀,上乘赢学在印度——莫迪宣布大胜！全国连庆10天,社科·法律·心理,http://i2.hdslb.com/bfs/archive/ac5b5e3f6b86366faf2a7b94388cbac021860f7e.jpg,2025-05-15,2051715,11764,103027,12419,10177,4471,5580,2025-05-16
114516897633945,38568774,鬼叔黍,以豪杰仙人之名缔造历史！40个648招募五星S忍传说自来也！火影首位8000万战力玩家诞生！这是我们共同见证的故事！,手机游戏,http://i1.hdslb.com/bfs/archive/5576e46a33f9f4533dbd0ae4e62708a368217658.jpg,2025-05-16,96502,2145,16530,14570,3005,1489,749,2025-05-16
114499700921400,30973654,网易阴阳师手游,《阴阳师》版本剧情概念CG丨日轮之城·邪马台篇·下篇,手机游戏,http://i2.hdslb.com/bfs/archive/9b348b035ae2ff9b88eff2dd9e6ea763ad144b88.jpg,2025-05-13,1613504,1928,37292,34266,28698,19348,3498,2025-05-16
114506193702601,3546578497309525,大森子哈哈哈,你大爷的逆天回答,搞笑,http://i0.hdslb.com/bfs/archive/e8c33ab459b24d3daca5fe2e188b5b1f430d3fae.jpg,2025-05-15,641512,764,79281,83605,5393,1038,788,2025-05-16
114515270238299,3546724205332911,踏风行手游,修仙不浪何以改命？飞升指南《渡劫百分百》今日上线！,手机游戏,http://i1.hdslb.com/bfs/archive/c6a7de60c6be721e7141825cb99f44a3c538f1a2.jpg,2025-05-16,597858,107,10308,9712,6360,86,226,2025-05-16
114515790336130,163637592,老师好我叫何同学,【何同学】边充电边玩手机，会伤电池？,数码,http://i1.hdslb.com/bfs/archive/ee28abf26c83e70dc3227daca700e17622dd24bb.jpg,2025-05-16,164367,400,18091,10055,3732,1328,1365,2025-05-16
114511109423592,508752914,爱画画的子衿,诸位道友，拔剑，斩去这十四境大妖,亲子,http://i0.hdslb.com/bfs/archive/4d9358dd2d04a2da181355d158e1bb38f9bd1f5b.jpg,2025-05-15,530494,1610,92432,131968,8932,1325,2305,2025-05-16
114501764518731,11164854,乐马还在加班_Edit,"""失衡和缺少睡眠变成了一场筛选”",影视剪辑,http://i1.hdslb.com/bfs/archive/2730aebd7cc2382c92d292b854eac77967a3cd81.jpg,2025-05-14,1106201,202,70809,7325,25089,878,544,2025-05-16
114480742670253,40158885,魏牌新能源,全新高山丨生活惊喜多变 全新高山精彩不变,新能源车,http://i1.hdslb.com/bfs/archive/0352941fc9b795a03e6093023e8d77376e4ab2d8.jpg,2025-05-10,1308433,199,5246,693,1110,306,5,2025-05-16
114506747418341,1343321779,央视农业,酵母当宠物养三年？！宠物新赛道or养殖需谨慎？【主播说三农】,三农,http://i1.hdslb.com/bfs/archive/16c31169635b62018eb322fb6c3f24c83fbdf329.jpg,2025-05-15,950921,1344,77094,1554,4042,1969,2164,2025-05-16
114511696627137,1280231019,老6就叫使命召唤战区,线下扶贫！,网络游戏,http://i0.hdslb.com/bfs/archive/329c3ba2c3f53db52a8005077224f16a1ca3a649.jpg,2025-05-15,278991,239,71180,50705,6396,261,473,2025-05-16
114511747023086,473837611,新华社,卫健委调查组通报董某莹舆情事件,人文历史,http://i1.hdslb.com/bfs/archive/c2a479bbcd1d07cf5083de929dae91419f1cdf33.jpg,2025-05-15,1565974,913,89173,20258,7847,20782,1031,2025-05-16
114483259246311,3546615816128744,哆戛酱_本人唯一账号,艾特出能挑战这些动作的人,健身,http://i2.hdslb.com/bfs/archive/3395ca81d1f09c2832a9ac38cdbce75b489043ea.jpg,2025-05-11,4931930,925,218692,3638,26461,3574,3736,2025-05-16
114512468382501,3546837552204489,三颗虾仁,“鸟为什么会飞，因为他们想要飞上天际”,人文历史,http://i1.hdslb.com/bfs/archive/7ae086dc5f350a57b70b2248165d4681ae242340.jpg,2025-05-16,107003,106,27942,6846,7741,1433,686,2025-05-16
114511478595424,1231956185,玛奇March,全网近200w播放の『专注力测试』第二弹😎这次你能坚持到第几关？,日常,http://i0.hdslb.com/bfs/archive/a53777321f08737d898af3a28d4680c85453d353.jpg,2025-05-15,482343,244,11365,2697,19947,588,405,2025-05-16
114505774333991,7714,女孩为何穿短裙,现在在网上说什么都要被骂,鬼畜剧场,http://i0.hdslb.com/bfs/archive/b57562153af3c8d2489e16d5f6f8259bf3df2cb6.jpg,2025-05-14,1106202,2841,156693,22989,24226,10162,5895,2025-05-16
114505925263722,414700515,龙腾虎跃龙兽医,龙兽医单干了，和儿子说拜拜，自己踏上了治愈之路,三农,http://i1.hdslb.com/bfs/archive/0e26c55825c0409f1efe05826c58b4ee8e2a0656.jpg,2025-05-14,3013146,4139,178816,16517,7404,1251,4396,2025-05-16
114516276809761,2920960,大祥哥来了,价值百亿美元配方的可口可乐，竟然九个不同国家的版本配料表全都不同?!,美食测评,http://i0.hdslb.com/bfs/archive/a90ec44a31ce5b8c71e12882953507a4998d192b.jpg,2025-05-16,72950,569,7416,2438,958,190,432,2025-05-16
114514213216068,498099165,一颗小兔娘,想了很久 还是早点坦白吧,仿妆cos,http://i1.hdslb.com/bfs/archive/7635f75b4fbaffc32a2b1b4a1b3727e56fe332aa.jpg,2025-05-16,556290,423,56709,1312,5257,5504,1383,2025-05-16
114511495366379,108331200,_张天琪,有大家喜欢的款式吗？,搞笑,http://i0.hdslb.com/bfs/archive/bad8fe81fb94a4d9f736fba97d9264200c94d1e2.jpg,2025-05-15,399433,555,42964,21207,3421,210,976,2025-05-16
114515773494677,253992474,蒸汽居士,再迎折扣节！3A全新史低价出炉！2077、巫师3、帕鲁海量神作齐发力！【居士的每周折扣】,单机游戏,http://i1.hdslb.com/bfs/archive/d1c60ffa17ce03600ecc06659534ae0d521565f2.jpg,2025-05-16,93079,184,5970,3539,2455,148,246,2025-05-16
114511042314741,373388923,脱缰凯Kk,爆炸,小剧场,http://i0.hdslb.com/bfs/archive/5e8c00bf21edfeb2a90b6067f88872269fa76370.jpg,2025-05-15,968775,3070,92727,7104,9313,1114,1359,2025-05-16
114506495758086,132344841,去码头整点薯条vv,☝🤓诗人握持⚡⚡⚡,鬼畜调教,http://i1.hdslb.com/bfs/archive/6246d4fb987801f61e868248e31f1f37ec5ef600.jpg,2025-05-15,626622,538,94490,1275,8857,893,329,2025-05-16
114478410699738,254463269,毕导,【毕导】这个定律，预言了你的人生进度条,科学科普,http://i0.hdslb.com/bfs/archive/c8f962efc6e16e623cb6e72684ed015328f7b248.jpg,2025-05-10,4456802,19180,432654,242131,178085,49967,10839,2025-05-16
114506948742669,26227227,龙少少zl,关于我瞒着家人考上了北大,日常,http://i0.hdslb.com/bfs/archive/e5646960cc9791d865a4f0753a004bb208db4ac0.jpg,2025-05-14,1187822,1883,60477,10297,5087,1197,4135,2025-05-16
114511596033689,401742377,原神,《原神》过场动画-「伟业」,手机游戏,http://i0.hdslb.com/bfs/archive/d6193c56df0befb805284661b100a388c7c62b98.jpg,2025-05-16,314031,1359,43452,14248,9005,1854,3344,2025-05-16
114516813750142,99157282,盗月社食遇记,“跟盗月社去边境旅行，现在后悔至极”,美食侦探,http://i2.hdslb.com/bfs/archive/e2663538ac1b966abb42cd1d05ed97baf62773e2.jpg,2025-05-16,74572,627,7098,1938,1290,220,231,2025-05-16
114506193704017,3946987,小砍丶,双傻奇境（1）,单机游戏,http://i0.hdslb.com/bfs/archive/4b5f02039cc4841f4f4214ea7f18b683f0931b87.jpg,2025-05-15,676959,3885,44385,14430,10866,804,1000,2025-05-16
114501395419025,478691043,穿毛裤的小拉泽,新一代“网红水果”来袭！带货主播这招太狠了！,美食测评,http://i2.hdslb.com/bfs/archive/30884fd6348b230f4e21a21b3b0fb18b20c73127.jpg,2025-05-14,2695616,5675,46255,7185,29281,663,914,2025-05-16
114506244034227,7653809,灰色渔歌,【边狱巴士】不思观望 葬鸿之花 —— 主线第 8 章剧情汉化（施工中）,单机游戏,http://i0.hdslb.com/bfs/archive/69a925a5adf0a875c25aeb26e7fc8b958f431d91.jpg,2025-05-14,963238,12250,16406,7773,8512,1893,4333,2025-05-16
114513844109396,13164144,魔法Zc目录,【明日方舟】“众生行记”MT-S1~5低配平民全关卡攻略！操作轻松+语音详解的愉悦攻略！《明日方舟》|魔法Zc目录,手机游戏,http://i0.hdslb.com/bfs/archive/6afbff331a8b7992daf897554b5bcaf6c2d7e2cf.jpg,2025-05-16,353799,723,20645,11505,3391,1621,1559,2025-05-16
114510975207945,513851725,妈妈再灭我一次,再见初恋。,小剧场,http://i0.hdslb.com/bfs/archive/47e7b887f70e69f42e27be05c8790675d3e7b423.jpg,2025-05-15,523382,1097,27701,3576,4686,5974,692,2025-05-16
114482068064548,1543975506,唐涛腿叔,因为终点比别人远，所以要跑得更快！,运动综合,http://i2.hdslb.com/bfs/archive/150c33c845fa1a8c789173ec1f1ec700aa685ff0.jpg,2025-05-10,3262550,976,341113,29413,17745,1353,1369,2025-05-16
114515958040242,447317111,Meetfood觅食,全球排名第一自助泡面店！1000多个选择，到底有多离谱？,美食侦探,http://i1.hdslb.com/bfs/archive/387fb588e89ec0af67693f56686a24df2e058c44.jpg,2025-05-16,125215,1562,11294,1543,1771,207,393,2025-05-16
114511176532197,382375531,馋大鑫,在两个软件上同时点6家店的外卖，会有什么区别？,美食测评,http://i1.hdslb.com/bfs/archive/6fc4571c755c4c8b258c63c50fe073abd3dc09bb.jpg,2025-05-15,402700,521,11519,717,924,134,912,2025-05-16
114513022028451,267766441,血狼破军,【方舟测评#55】 超高dph！满潜专九蕾缪安数据与实战测评,手机游戏,http://i2.hdslb.com/bfs/archive/d960f0389b530e6a5b622be43228b020b1ce5e7e.jpg,2025-05-16,413130,2699,23824,7053,3348,3421,4294,2025-05-16
114511243706572,525952604,柯洁,刚学棋的朋友说要和我切磋,桌游棋牌,http://i0.hdslb.com/bfs/archive/fe4b91e9e10c34afa19a04cfe34a0d85dea25b84.jpg,2025-05-15,2043613,15901,182396,2570,5401,2122,2967,2025-05-16
114511713406722,346563107,波士顿圆脸,韩国人吃不吃得起肉？日本人吃不吃得起米？,社科·法律·心理,http://i2.hdslb.com/bfs/archive/e22ae0e838b7d6a7f0db2f970216e92753d497b9.jpg,2025-05-15,820045,7617,61013,6241,4968,1570,6275,2025-05-16
114495053635353,1636034895,绝区零,"《绝区零》雨果EP | My Curse, My Fate「Destin et malédiction」",手机游戏,http://i0.hdslb.com/bfs/archive/d6355771a2781fe1d023aa2ff6e14267352fa344.jpg,2025-05-13,1714270,7866,182351,126081,60986,26835,13031,2025-05-16
114510857770815,544336675,真探唐仁杰,上海.盐言 厨子探店¥4185,美食侦探,http://i1.hdslb.com/bfs/archive/aeddb467aec18d0e82296c42f4ce7c4acbd86dbb.jpg,2025-05-16,351571,467,21929,804,1186,956,846,2025-05-16
114510320902141,946974,影视飓风,【杜比视界】在万岛之国，第一次去水下拍免费样片？,出行,http://i0.hdslb.com/bfs/archive/fc3aae1be8b62666df92aeec77696ae4af3f8804.jpg,2025-05-15,632678,2843,48414,20754,10906,3554,1014,2025-05-16
114505707165352,382651856,战双帕弥什,【战双帕弥什×鬼泣5】联动版本「幻寂鸣泣曲」PV公开 | 魔剑相抵，信念碰撞,手机游戏,http://i0.hdslb.com/bfs/archive/dd210f6d2046d5eba457ded21561bbf4a6bd1bf2.jpg,2025-05-15,678385,1613,64122,11885,9607,9110,3810,2025-05-16
114509633032194,268941858,磊哥游戏,对面打野2分半才打个蓝buff太可怜了，去给对面送几个,手机游戏,http://i1.hdslb.com/bfs/archive/3ddc72ab09c5bea56aa29ff9577764258ad6e22d.jpg,2025-05-16,411190,673,32480,1019,1157,407,2178,2025-05-16
114505656833876,256237759,我叫小渔人,一 勺 料 汁,鬼畜剧场,http://i0.hdslb.com/bfs/archive/9e97affe4cb5ed3995390c72b1a1fbb43273cce3.jpg,2025-05-14,364146,730,69261,2081,12339,2086,442,2025-05-16
114511075874723,1614789471,派小轩,比剪坏头更绝望的事情出现了！,小剧场,http://i0.hdslb.com/bfs/archive/a458e7ac16c5984e51e314f2c8aa7eb6b2b66c2d.jpg,2025-05-15,1149287,395,48042,1535,1160,931,552,2025-05-16
114510505443768,385534216,段俊piano,吃青梅精唱灵感菇,演奏,http://i0.hdslb.com/bfs/archive/9629a2154ba6d4a7c7c95a298214955c7f129af0.jpg,2025-05-15,559252,9190,64729,2442,3490,451,719,2025-05-16
114493057211441,385976970,樱庭芥子,不会钢琴但略懂鬼畜♪(´▽｀),宅舞,http://i0.hdslb.com/bfs/archive/a6d29eadda32c9ef884b040001aa95cbf1397751.jpg,2025-05-12,1028952,1263,133011,23557,22919,4920,3955,2025-05-16
114510924875080,1659651634,七颗猩猩QKXX,此视频纯属虚构,搞笑,http://i0.hdslb.com/bfs/archive/ecb0eda02059de8b19d15ad640cb4ce8a1b9331e.jpg,2025-05-15,700730,711,72411,1938,3172,611,632,2025-05-16
114516763415460,323024456,雨琪在芬兰,用中国柴火大铁锅做生猛全辣生日宴！芬兰干饭一家人猛炫江西小炒爆辣湘菜辣到飙泪！吃到上头！,美食记录,http://i1.hdslb.com/bfs/archive/4a08c1b002807e6f2f78eab3de1235295bd62adc.jpg,2025-05-16,88055,1107,10792,7480,1182,62,379,2025-05-16
114510706775188,407054668,亿点点不一样,电梯从6层楼自由落体的0.01秒，会发生什么？,科学科普,http://i2.hdslb.com/bfs/archive/0ac5b0046a141652a22b0f218e9f16a0ebfbda7d.jpg,2025-05-15,633226,1933,49922,9145,8946,1450,1540,2025-05-16
114510757102892,384523532,肥仔_旅游ing,演都不演了，老板直接叫我冤种？,美食侦探,http://i0.hdslb.com/bfs/archive/257fe669d66b599cd1d34ac104a04a83eefbed02.jpg,2025-05-15,201372,434,16691,2476,925,217,379,2025-05-16
114500422668363,267599661,欧大发-沙蟹哥,今天做叶籺糍粑和糖水进村卖。,三农,http://i2.hdslb.com/bfs/archive/f59474a68893ba2c21493a4c15870c59148857c9.jpg,2025-05-13,987243,2020,108237,38175,6666,1172,1769,2025-05-16
114505304507929,3178005,小杨Johnson,《小杨有约14#》：小潮院长父亲,搞笑,http://i0.hdslb.com/bfs/archive/6b177fff0929dbc927b7fcc3fa2def7460067ebc.jpg,2025-05-14,1131913,5697,121817,51063,28749,2065,1993,2025-05-16
114506529245274,2012619323,罗琦真棒,不是哥们，这对抗？！,篮球,http://i0.hdslb.com/bfs/archive/31a0a2bd048d84565d886f731b19faf50a96364a.jpg,2025-05-14,1258832,1044,41522,718,2638,3934,1780,2025-05-16
114513307243053,3546619314178489,蓝飘飘fly,融合植物234：究极星炬！,单机游戏,http://i0.hdslb.com/bfs/archive/0640c8e5eb30c0e2025df17ee22df9b828e90e70.jpg,2025-05-15,375460,920,16487,1500,2430,577,1914,2025-05-16
114505220624919,520819684,小Lin说,全球第一网红，一边撒钱，一边赚钱，how？,财经商业,http://i1.hdslb.com/bfs/archive/4051455e2a78c9592280531017a10550a5c25d6a.jpg,2025-05-14,1902938,2931,77815,15658,33852,3637,2767,2025-05-16
114515437949445,14583962,思维实验室,记录古印度神佛大乱斗  佛为什么异化了？【思维实验室】,人文历史,http://i0.hdslb.com/bfs/archive/cad70a0c056f8bbbce6b8d96a67f3ee05e406ddc.jpg,2025-05-16,89626,741,6421,1213,3293,281,642,2025-05-16
114499969355780,11676354,谢万宁Shawn,UCLA计算机硕士 孟加拉上学 第五集 神秘海域,日常,http://i0.hdslb.com/bfs/archive/1d6ec9d8998db3b42d76cf7d520480e83e91f55c.jpg,2025-05-14,799229,185,56247,4166,4909,1274,662,2025-05-16
114487973650100,2175690,徐Toso,我在成为神人之前的作品，拿了很多国奖，可惜没什么用！,日常,http://i1.hdslb.com/bfs/archive/92349f542c8f106bd370c436d88ed4a376d816d8.jpg,2025-05-11,2547575,2767,163276,24341,56483,9358,5884,2025-05-16
114494634202676,553866056,Jason徐朱成,人民币背后的风景,出行,http://i0.hdslb.com/bfs/archive/98355128531b5a6a7d84100226b1a5ba2278dab4.jpg,2025-05-13,1241637,262,50889,2661,6601,974,919,2025-05-16
114511193378528,13164144,魔法Zc目录,【明日方舟】“众生行记”MT-S-1~5摆完挂机全关卡攻略！操作轻松+语音详解的愉悦攻略！《明日方舟》|魔法Zc目录,手机游戏,http://i1.hdslb.com/bfs/archive/c59b9f81507b94b7ddf64550070f0c69dca3ecd6.jpg,2025-05-15,764061,691,15860,5325,2513,744,2764,2025-05-16
114511579187950,106270809,细影师,【细影师】运动喜剧《塔拉德加之夜》用耳去听 用心去开车,影视杂谈,http://i1.hdslb.com/bfs/archive/925390179bd3e7a975532113c733622382e99545.jpg,2025-05-15,507794,434,11054,906,2924,64,116,2025-05-16
114506294429825,143832717,安茂元,当我用豆包克隆自己的声音给朋友打电话……,搞笑,http://i2.hdslb.com/bfs/archive/a3e82fda7926e0f53720dbfbd795b80b56f21778.jpg,2025-05-14,906900,313,67023,1605,7493,7441,634,2025-05-16
114511210088021,30879313,直面泰山,发明项目：峡谷相对论,网络游戏,http://i1.hdslb.com/bfs/archive/55d24bb844106f8e80f5d7904b4b1f0424aad0ac.jpg,2025-05-15,476126,258,45298,19574,1432,425,402,2025-05-16
114515354060237,322595106,圆某人和四某人,【第二赛段复盘】IG为何让人觉得稳得陌生？BLG的招牌血腥连环攻势到底是什么？,电子竞技,http://i0.hdslb.com/bfs/archive/bfffffa16765078d73f7ebdc3a108f8956286714.jpg,2025-05-16,239077,900,10137,2290,1745,209,909,2025-05-16
114509985351247,1654042101,唯美风景线,“小时候的夏天好像根本就不热...”,出行,http://i0.hdslb.com/bfs/archive/3519814fc8e594c3c1b6a6e45f55edca85e3ffb1.jpg,2025-05-15,574710,374,14645,1554,13690,749,1266,2025-05-16
114512300605926,358607628,三桥qzg,《一时分不清谁是主角》,网络游戏,http://i0.hdslb.com/bfs/archive/82432dcf2b9f13ba747e2c2bcc86664cd60709de.jpg,2025-05-15,406825,649,38003,11113,1282,410,668,2025-05-16
114493879224460,3493131542596548,广西老六-,老六勇闯超高负压鱼缸，事实证明上面空的部分是可以呼吸的,手工,http://i2.hdslb.com/bfs/archive/2c35a102586652addd20c3b13c3a7d8a743f5d4d.jpg,2025-05-15,356601,225,15048,903,1042,154,362,2025-05-16
114494047067265,149574778,即刻自然说,《 朝 生 暮 死 》生命的意义 就是活着本身,动物二创,http://i1.hdslb.com/bfs/archive/966841f6f9f4bec8f9b1137112c8ad34e7bcd2dc.jpg,2025-05-12,1062443,443,60768,10242,44785,1709,852,2025-05-16
114506512473872,357762853,马克杯MarkCup,我们的接龙游戏开发在第一棒就炸了...,单机游戏,http://i0.hdslb.com/bfs/archive/8832507504d13aa617a5634782b9d24a205dbf47.jpg,2025-05-15,600989,1151,17599,5759,32447,295,290,2025-05-16
114510740329094,386869863,培根悖论唠唠嗑,死亡就像纳税，逃过也得补缴！删改成就恐怖经典《死神来了》,影视杂谈,http://i0.hdslb.com/bfs/archive/e6d30d5af5863a0f526900564ec3fabb9bb80438.jpg,2025-05-15,739616,2243,34140,1934,7179,440,759,2025-05-16
114515857377281,113362335,宝剑嫂,30岁这一年，我做了一个新的决定…,日常,http://i2.hdslb.com/bfs/archive/ee4486f4862dd54e0683fab42e11e9d7261f2553.jpg,2025-05-16,99270,770,9216,1872,1231,75,374,2025-05-16
114501361862830,389979631,Genius昊哲,河北大学校园歌手大赛•决赛第一轮——《超兽武装》,运动文化,http://i1.hdslb.com/bfs/archive/b1d579feece075683195a1b5008293e7ee2ce89d.jpg,2025-05-13,259614,394,18944,5169,2829,1822,1033,2025-05-16
114505975599955,360851091,欧阳锋广东小火鸡,“真·拼命博主！摔断腿拍完最后一期抓鸡，三个月之后再见！,美食侦探,http://i2.hdslb.com/bfs/archive/9b6fa49fa8799bca9853eeee5051a96324da385b.jpg,2025-05-14,481637,2041,40507,27653,2860,556,1323,2025-05-16
114509784089899,357779715,爱养月季的阿辉,用两年多记录这棵矮霸重樱大树的成型过程，也是我发现重樱这棵品种后做的唯一一棵成品，是不是你的梦中情树呢,三农,http://i0.hdslb.com/bfs/archive/2e70dc91eb1ad0675aa8ff156c97c340d0ccbfd1.jpg,2025-05-15,371344,267,46847,3677,8322,3403,759,2025-05-16
114506562803387,6126869,板糖,【明日方舟】修勾 or 修猫？,手机游戏,http://i2.hdslb.com/bfs/archive/19794ff91df15dc570b1f493d28963763ed70d2a.jpg,2025-05-14,512644,208,87596,12933,43864,7459,1379,2025-05-16
114516713013692,39392104,食影双修,三十年前的细糠，带你看《九品芝麻官》的细节原型和故事！P3,影视杂谈,http://i1.hdslb.com/bfs/archive/c8b9574d2935ba75105a4a101ab08e3d890ee2e6.jpg,2025-05-16,66163,866,4654,2177,1078,61,293,2025-05-16
114506613331867,3546742700116050,杨齐家_,拯救大兵125成功，而且也证明了你杨哥真的不菜！！！,单机游戏,http://i2.hdslb.com/bfs/archive/68dfc750f9a3ac88e3ccd00b2cee7318644ccefc.jpg,2025-05-14,1071826,1385,51817,3987,10433,561,1322,2025-05-16
114504079840234,16054375,自动鬼畜中的WZ,全听过的可以把自己加进去了,鬼畜调教,http://i0.hdslb.com/bfs/archive/7e3a068d2563feab8289d04c6e890103aa63718c.jpg,2025-05-15,303547,512,38054,3200,7545,985,1579,2025-05-16
114510203459469,21837784,阿斗归来了,表面是公职人员，实则是黑帮大佬！这波操作太绝了，高启强看了都说牛！《与犯罪的战争》,影视杂谈,http://i2.hdslb.com/bfs/archive/3e592a7206c909edf23154209da370e1856f0771.jpg,2025-05-15,419662,1371,17678,4033,4098,274,368,2025-05-16
114511142982918,942755,迷影至下Filmlast,好于98%恐怖片！温子仁迈向大师第一作，恐怖木偶+拔舌虐杀，万字拆解《死寂》,影视杂谈,http://i1.hdslb.com/bfs/archive/a6dbe8583452f2615b7e7c1a89dfc301a01f3890.jpg,2025-05-16,50558,559,4420,1045,1885,156,184,2025-05-16
114516511691630,654552,圆桌动漫,穿到游戏世界太危险，那我只能开小号了,同人·手书,http://i2.hdslb.com/bfs/archive/ae0b68bf5a9fcd08caf0b4571e3cd07b6c5efcc0.jpg,2025-05-16,96622,686,6473,2158,3777,60,267,2025-05-16
114501781292456,1249738739,刘成lcc,一口气看完洛洛历险记（上）,动漫杂谈,http://i0.hdslb.com/bfs/archive/2d8abf698ea5a9398d9a7a314265283b1e411367.jpg,2025-05-13,1485634,806,20894,8088,51867,982,262,2025-05-16
114504113328854,3546617688886097,多奇探秘,窗户为啥贴黑纸,科学科普,http://i2.hdslb.com/bfs/archive/4640a1874c781e66eda80b3c471b202c12105862.jpg,2025-05-14,2917303,467,78867,913,5133,164,495,2025-05-16
114483410305173,9376149,吴宇飞FLYINGBUG,UNIQUE DANCE | 飞机裁判秀 | 狐人之境,街舞,http://i0.hdslb.com/bfs/archive/c861d76144ca8f9dc21574a87f31b21ac2320b69.jpg,2025-05-10,1523490,902,76809,4820,10348,2768,1398,2025-05-16
114499600318598,140458333,狙击手麦克,没有队友？生一个！这才是顶级FPS玩家,网络游戏,http://i0.hdslb.com/bfs/archive/368b9f22d685348cd8f8edbdbf1cf236da7852a9.jpg,2025-05-15,243298,131,13241,1164,1267,338,175,2025-05-16
114486983786577,147166910,雨哥到处跑,挤爆了！！6个up主假期旺季去最热门景点旅游...【青春旅行团08】,日常,http://i2.hdslb.com/bfs/archive/27e22006cde5d6444bfc0cd6a17eb567c72f3082.jpg,2025-05-11,2849039,66901,252501,211774,84765,11935,6422,2025-05-16
114504801192487,125526,-LKs-,全球首测11万爱马仕耳机！听过的人都沉默了..,数码,http://i2.hdslb.com/bfs/archive/574798666e70449e0b2180a1e7c2225f9e564f74.jpg,2025-05-15,735472,5775,30821,5121,4444,3644,1840,2025-05-16
114511260549270,5818410,芦苇十三少,法官：柯南将小五郎扎成刺猬了犯不犯法？？【赛博法庭1】,同人·手书,http://i1.hdslb.com/bfs/archive/32331dcaa2039c44e1952757ab7c8bc03dc571bc.jpg,2025-05-15,518335,424,48139,3045,7113,451,286,2025-05-16
114515890998803,3546594741848906,团团的一家,天津早点吃法教程之羊汤篇,美食记录,http://i1.hdslb.com/bfs/archive/3a00c64e3843809f5b19e91b641d009e76b95ebf.jpg,2025-05-16,162594,677,12938,1380,1119,1912,1392,2025-05-16
114492570603023,3546594741848906,团团的一家,天津早点吃法教程之方便面篇,美食记录,http://i2.hdslb.com/bfs/archive/f4b870f11a8171a818443cbce4094983e6d7e27f.jpg,2025-05-12,2129411,5022,141589,23746,23208,38330,5844,2025-05-16
114512216724373,1660008675,业余球探刀先生,杨瀚森给中国长脸！又一个nba球员！他到底有多强？,篮球,http://i1.hdslb.com/bfs/archive/4b3c637b75b99cccf62be91b7ee5028041392b9b.jpg,2025-05-15,326187,1101,11626,1482,945,634,1989,2025-05-16
114505103181522,240853022,东方硕果,评分2.1！坚持3秒的都是神人！史上最恶心的少女动漫！女主被反派疯狂玩弄！看完后up主直接反胃至极！【新番吐槽】,动漫杂谈,http://i1.hdslb.com/bfs/archive/19b4b004b80959f53a810439b055b6a7bd641a40.jpg,2025-05-15,305832,1337,9054,1023,3906,1489,897,2025-05-16
114506898344472,130636947,塑料叉FOKU,如果你也恰好在能量低谷，希望这期视频能拉你一把！,日常,http://i1.hdslb.com/bfs/archive/f555d681a0df7f41a15db3038679c9b6b6996ce3.jpg,2025-05-15,455987,544,29406,6703,14426,1522,622,2025-05-16
114516176142342,3546613798668421,棱镜史话,为什么只有中国王朝会反复崩溃？美国克服历史周期律了吗,人文历史,http://i1.hdslb.com/bfs/archive/589e847a2cd9c679e7fc9e9d8c06ff19029617f6.jpg,2025-05-16,74619,679,7024,1992,2051,239,353,2025-05-16
114510706774233,1394005952,chilly香菜,发量少别乱夹！4种夹子正确戴法,美妆护肤,http://i1.hdslb.com/bfs/archive/33b76b6b7a1708f6efdb4919dbdfbbbe145309e6.jpg,2025-05-15,288211,144,39931,1133,21404,956,330,2025-05-16
114480776218660,313614629,柴总在忙,最开始只是因为家里的沙发被猫霸占了…,家居房产,http://i0.hdslb.com/bfs/archive/23b4d52e2d81017ade7c2610e7951c8eea424148.jpg,2025-05-10,3851460,836,244235,16762,50275,4319,1246,2025-05-16
114505505968240,1742004653,寅山,这就是缘分吗，果然莫名其妙,搞笑,http://i0.hdslb.com/bfs/archive/099161dd08e3517b589f66c9ad73b7400b173881.jpg,2025-05-14,980787,535,45925,3101,5077,1120,543,2025-05-16
114515723293533,403637371,老飞宇66,【老鼠人行动】航天基地（绝密）???w→12k,网络游戏,http://i1.hdslb.com/bfs/archive/2275a636da815bccdbc2fc3c69a11021e49c67e8.jpg,2025-05-16,220640,1835,15515,1014,1076,234,618,2025-05-16
114495506618096,3546837552204489,三颗虾仁,“谁的日常爱好是往脸上画王八呀？就为了混口饭吃…”,人文历史,http://i1.hdslb.com/bfs/archive/a168c6f8272d63e592ff97067cda5e7558a60fa0.jpg,2025-05-13,908590,238,121454,26849,26602,985,854,2025-05-16
114505656828039,94281836,文西与阿漆,国产抽象硬汉电影！嘎子哥看了最羡慕的一集哈哈哈哈,影视杂谈,http://i1.hdslb.com/bfs/archive/026dfe8e11830bd07e7912980ef607786803601a.jpg,2025-05-15,607701,3726,36259,1847,4312,483,999,2025-05-16
114507066119812,3546619314178489,蓝飘飘fly,融合新模式：2048！,单机游戏,http://i2.hdslb.com/bfs/archive/3af74e7b464f9068fa5ba9ba050a134884fce7bd.jpg,2025-05-14,585311,557,26837,1252,1928,571,938,2025-05-16
114510438407949,348989367,沫子瞪片,《锻刀大赛》惊现九淬仙人！一战成神还是魔刀千刃,影视杂谈,http://i1.hdslb.com/bfs/archive/8c9c36b28e01cf780f634f66a2e0e49c5179105d.jpg,2025-05-15,465826,1462,33791,3170,3764,293,418,2025-05-16
114504197277258,37781521,郭云神奇,《鹿鼎记》1个10倍慢放都看不清的高能镜头！假太后为何被魔改？08,影视杂谈,http://i1.hdslb.com/bfs/archive/cf24c86ef4303d9b7730f753152780f1cda3ede7.jpg,2025-05-15,531260,440,8593,622,1064,34,119,2025-05-16
114511847692041,106320250,warma养鸽场,【warma/怒九】我们两个大奸商！,单机游戏,http://i0.hdslb.com/bfs/archive/c1c1233c7dd68edf7a619e03aef6d9aa42cec089.jpg,2025-05-16,113372,452,14305,4561,4867,621,448,2025-05-16
114511193311409,128641007,うえすぎ绘梨衣,参考黑神话加强的忍者是吧，一个戳棍给哥们腰子都戳没了,手机游戏,http://i1.hdslb.com/bfs/archive/2e168667ad060bd31a5da6378d83002f84b148af.jpg,2025-05-15,403379,305,22278,786,1415,1681,663,2025-05-16
114493359130006,3493260618106936,伤心欲茄222,《满门抄斩》,搞笑,http://i0.hdslb.com/bfs/archive/de4007d00c4baed35aff338e4f417769d78c1667.jpg,2025-05-13,2507572,1034,208605,4822,10379,5068,1801,2025-05-16
114516008370623,43219807,毒舌的南瓜,这个像希特勒的女人为何能征服大众的心？【毒舌的南瓜】,人文历史,http://i1.hdslb.com/bfs/archive/6176ce193abe295907d67eab8ba2d12b1f9bcf48.jpg,2025-05-16,147677,1758,12706,1011,3154,261,582,2025-05-16
114505723936960,24427409,無名ナモナキ,我从来没有恨过画画,绘画,http://i1.hdslb.com/bfs/archive/53ebaffa6c81497e1f96c5459201c71f3534b30c.jpg,2025-05-14,156609,147,41099,7485,8722,525,1156,2025-05-16
114495036981660,10334523,史蒂芬周大反派,【死神来了】45种死法终极排名！最后一种太绝望了！《死神来了6》补课！,影视杂谈,http://i1.hdslb.com/bfs/archive/9789accfc75467613308934ad6512ed034f16dae.jpg,2025-05-14,699991,3186,24202,3491,14459,2315,1073,2025-05-16
114505002519274,234340742,叙曲丶,Z抖绕背，虚影后撤步？两分钟带你深度开发金鸣！,手机游戏,http://i0.hdslb.com/bfs/archive/3f1f5531f5bc93d7aed36f9e684d00341a8ec238.jpg,2025-05-14,492450,228,32523,4033,41634,2090,856,2025-05-16
114510891386286,3546638173866146,李万基fit,你虽无情，但我还是有义,搞笑,http://i2.hdslb.com/bfs/archive/e8524b44e63866ee24df0d6f19bb237932cf8ed5.jpg,2025-05-15,535364,556,39893,881,1264,350,444,2025-05-16
114515119181511,128641007,うえすぎ绘梨衣,妙木山仙人不玩蛤蟆，玩蛇倒是玩的挺溜,手机游戏,http://i1.hdslb.com/bfs/archive/525e7d8630287c49155a2770f226667105995b00.jpg,2025-05-16,220085,184,13541,940,769,424,421,2025-05-16
114504901921438,3546887005145833,我的偶像王宁大哥,王宁大哥体验拉m豆拉到爽，拉倒是拉爽了，但印象里m豆这东西不是这个价啊,美食侦探,http://i2.hdslb.com/bfs/archive/e8f16c6bb9db2700fd55eba84a490337a1d1747b.jpg,2025-05-14,511033,338,18669,1287,811,533,840,2025-05-16
114494063778911,525742885,摸鱼的游戏-KARDS,奥马哈怪兽的忏悔录——海恩·塞弗罗【少将频道人物传】,桌游棋牌,http://i1.hdslb.com/bfs/archive/473ec3588bbe2d0c49a64e885b6671eaa195d438.jpg,2025-05-12,1167560,724,54949,4952,64156,722,415,2025-05-16
114511495299269,95913348,指尖QAQ,一口气看完“我的世界2.0”爆火外网？好评如潮的整合包！【更好的MC】,单机游戏,http://i1.hdslb.com/bfs/archive/8de27d76f292a0400b96e2a244ac396bad1be68a.jpg,2025-05-15,226838,299,10692,1673,8934,1452,402,2025-05-16
114510673217119,482764121,林思彤77,当互相视奸被发现时,小剧场,http://i0.hdslb.com/bfs/archive/2adcb56e768eea85400493c05b229fbe97174b65.jpg,2025-05-15,407791,450,42781,1464,2310,341,511,2025-05-16
114507150004392,8420192,长腿嗑叽君,聊张艺兴的新女团R.E.D,日常,http://i0.hdslb.com/bfs/archive/4bd890fef4c8ffe51484ae042236b3efb46f4808.jpg,2025-05-14,589814,12125,31497,21371,7452,2567,5984,2025-05-16
114481564745761,560480612,超神李信_对线生活,因为有你们，我每一步都走的那么坚定,日常,http://i2.hdslb.com/bfs/archive/041d6d692385471f5f60ac1bca63a4220300a3c9.jpg,2025-05-10,3883821,4473,628524,745687,62844,4261,7510,2025-05-16
114516914478930,1415483599,磷火动漫,你成为继国缘一 来到鬼灭世界找无惨叙旧P2,同人·手书,http://i0.hdslb.com/bfs/archive/ccfb21aa766cb10d975742099ef859c75e978815.jpg,2025-05-16,32416,622,3381,1335,1104,26,187,2025-05-16
114500086794876,1741125905,无敌蜀面大王,仙人模式掏出来就是王炸,综合,http://i0.hdslb.com/bfs/archive/3546f091ef668892530158133a294e65b830496c.jpg,2025-05-13,1337597,150,53286,951,11614,467,1021,2025-05-16
114516411031364,26240675,与山0v0,当派对夜混入了奇怪的人，请小心自己身后！,单机游戏,http://i2.hdslb.com/bfs/archive/d2a614993eb1e33071db7b88a1b0bbfd4c2b562d.jpg,2025-05-16,49880,906,6381,1636,1487,34,291,2025-05-16
114511176602278,581695,自在道爷,【众生行记】MT-S-1至MT-S-5挂机流，突袭也不愁！语音快乐详解，轻松解放双手 | 明日方舟攻略(含MT-S-5突袭无蕾缪安),手机游戏,http://i0.hdslb.com/bfs/archive/9dca29ed36c0e4d06e8636519250765ecfc548c0.jpg,2025-05-15,378703,514,8143,5433,1582,253,768,2025-05-16
114495070409810,250489368,不出门星ren,算了你可能觉得没意思,绘画,http://i2.hdslb.com/bfs/archive/f0620462fa0f3aad1e61c11a93c6462e9c388751.jpg,2025-05-12,1764559,528,261189,29142,26299,4840,1135,2025-05-16
114512116059721,100507614,爱因斯碳碳碳,37带你领略换序求和的威力,校园学习,http://i1.hdslb.com/bfs/archive/4dd2e30b9b294cfa523bf4de6d115a2e1a79463a.jpg,2025-05-15,147019,129,19375,1334,5599,2167,422,2025-05-16
114515135958649,1596926736,河畔的伯爵,【伯爵】壮族，新中国最大少数民族是怎么形成的？,人文历史,http://i0.hdslb.com/bfs/archive/1198f37e54264f872e0d68dd94180348089b7137.jpg,2025-05-16,133827,1039,18933,1946,4715,780,2064,2025-05-16
114499549923577,3493091625404928,zJ在睡觉,樱花落下的速度是秒速5厘米,单机游戏,http://i2.hdslb.com/bfs/archive/cc0bea71be6023f4ceded0738ceaa30551bfd152.jpg,2025-05-13,1600675,20324,131315,2077,24365,34179,5740,2025-05-16
114482487500363,509277263,SuperMing小洺,你可能不认识我，但你一定看过我的操作,单机游戏,http://i2.hdslb.com/bfs/archive/cad5d902763ccd08b29ffa62bd727dfc2f062bec.jpg,2025-05-10,5787307,42001,527111,27995,204408,8237,3096,2025-05-16
114514833969153,527073772,SWEEP分遣队,【无增益四人VEC-12】在绝对的机制面前，数值不值一提,手机游戏,http://i0.hdslb.com/bfs/archive/054253dc32ad18e28077e907ed2b16d189eaf6ec.jpg,2025-05-16,162230,231,8319,1707,2121,3178,818,2025-05-16
114511495301188,311681310,不风采的琴,服 主 爱 打 架 !,MMD·3D,http://i2.hdslb.com/bfs/archive/99cc80a6fa0e7585317aff207b102b4e2d76999d.jpg,2025-05-16,98559,187,12197,781,4291,81,244,2025-05-16
114512317456257,214062295,贝贝漫,【不良人7】第9集深度解析：奥姑神功大成，萤勾为何要杀死自己？,国产原创相关,http://i2.hdslb.com/bfs/archive/8b8064507496d5562019e0c592522b47d58f7643.jpg,2025-05-15,323422,1768,21251,11268,1837,660,5502,2025-05-16
114511746959551,299347914,一一无颜一一,局势有点混乱的殖民地高达抢夺作战,综合,http://i2.hdslb.com/bfs/archive/560cef3decbeb7ba771e326e2ed33bdf5d6dd324.jpg,2025-05-15,133915,1318,14482,13848,8069,5986,1287,2025-05-16
114511646298695,73415355,GM的秘密基地,2000块买个蛋？这放到30年前真不亏？！,手工,http://i0.hdslb.com/bfs/archive/eca756872c61db178968d26973a3f41b12cb4409.jpg,2025-05-16,134769,527,8007,1050,974,66,309,2025-05-16
114503811336868,528461028,小钟Johnny,给神秘大佬送礼物，居然被带进塔利班控制区，大哥身份简直是个谜,出行,http://i0.hdslb.com/bfs/archive/5bac86b25e4977000f5e63f01166bddad3ac534e.jpg,2025-05-14,1077072,5185,50386,12048,6893,2471,1935,2025-05-16
114499063382329,39627524,食贫道,无父无夫的社会？参加了一场摩梭人婚宴，我有了新的答案,影视剪辑,http://i1.hdslb.com/bfs/archive/814ff0ab56a445cebf28c2f3958752762ea933d7.jpg,2025-05-13,1235818,9896,71861,47745,18099,5435,2394,2025-05-16
114510639669093,16058,江北不在江北,瓦没能超越CS的底层逻辑是什么？未来出路又在哪？【唠游磕014】,电子竞技,http://i2.hdslb.com/bfs/archive/35a04e33fabe58339b8759444576d5c53a940f6e.jpg,2025-05-15,251057,1303,6034,1006,1541,849,4966,2025-05-16
114498543355483,701256819,上海徐汇,汇劳模 | 2025年全国劳动模范——刘伟,短片,http://i0.hdslb.com/bfs/archive/2fc67e5fac73246d3fb03791efb1a95ed0c1e67f.jpg,2025-05-13,876812,19291,95396,19403,20229,38024,928,2025-05-16
114516125810956,4186021,初夏ChuXXia,看到即爆赚的首日免费入库！即使错过也有超多3A神作直冲历史最低价玩到爽！【Steam每周史低游戏推荐】5.16-5.23,单机游戏,http://i0.hdslb.com/bfs/archive/9301e0d4d3b8101a01a3c03adc4ad11ead244cd9.jpg,2025-05-16,121341,633,9433,1343,1103,705,405,2025-05-16
114508156634543,480874535,i悟光,花费50万精心布局两年，这是玩家打击外挂的第一步！但绝对不是最后一步！,网络游戏,http://i2.hdslb.com/bfs/archive/94d15e9a3bbbcc453d62d03f8a87b7ac7a52685e.jpg,2025-05-15,312392,2787,30926,32558,4747,1435,2735,2025-05-16
114511142980097,1111202004,婷婷与芃芃,拯救上千人的「护肤手法」超详细跟练版视频来了！快来学！,美妆护肤,http://i1.hdslb.com/bfs/archive/a98438b5b9e67a79ac384b01d811123ceddc015c.jpg,2025-05-15,109310,128,5026,927,6955,413,262,2025-05-16
114511528920334,483311105,先看评测,万元投影完全体！能移轴的投影有多强？极米 RS20 Ultra Max 评测,数码,http://i1.hdslb.com/bfs/archive/0b35af9f7396ec95f3cd2bb8f5d0c319ab94ae96.jpg,2025-05-15,139290,108,13955,6514,6413,299,225,2025-05-16
114477638879392,408229229,画语者邓宇,【砸颜色】关公：关关难过关关过！,绘画,http://i0.hdslb.com/bfs/archive/6ea0389d2c196bb90fdb97884364db4c08272eb2.jpg,2025-05-09,1397559,13243,111151,8724,12062,978,1099,2025-05-16
114503895221975,25126508,世界记忆大师龙雅,23岁专家被巨蝮咬伤后迅速昏迷？毛毛虫竟然也能杀人？传说中的伊鲁坎吉水母有多恐怖？,科学科普,http://i1.hdslb.com/bfs/archive/21c4bedc8188784153ae553242bf4932bed193f9.jpg,2025-05-15,550510,960,20779,4414,9073,224,1508,2025-05-16
114510774014632,53737196,食事史馆,工业革命时期 诞生的特色食物们（美国篇）——食在大革命,日常,http://i0.hdslb.com/bfs/archive/1f12f0f045142a25fe8cac11d4bbe4762d87a13e.jpg,2025-05-16,205590,427,12533,1311,4017,169,305,2025-05-16
114515706388424,403637371,老飞宇66,【老鼠人行动】导弹基地（绝密）45w→416w,网络游戏,http://i2.hdslb.com/bfs/archive/653f942ee21df45dab366e2f97f5cbf69ae40944.jpg,2025-05-16,167082,1409,13072,1103,960,215,451,2025-05-16
114494046998130,384055529,MOZA鲨鱼,正在开发的AI山海经游戏,单机游戏,http://i2.hdslb.com/bfs/archive/59fa33725dd677d6e9a1de5f1fb2d3af9e69e8df.jpg,2025-05-12,826244,19148,133728,36871,33322,3516,1919,2025-05-16
114504381765303,1343321779,央视农业,雪碧换了配方？！果葡糖浆比白砂糖更有害健康吗？【主播说三农】,三农,http://i2.hdslb.com/bfs/archive/4462d40451794cba2f363b2d1671b1e28c8f8927.jpg,2025-05-14,1410419,2447,97724,3470,6515,3921,7366,2025-05-16
114511076001237,241679003,小叮当的伙伴们,如果把我的答辩拍成综艺,搞笑,http://i1.hdslb.com/bfs/archive/41f360b370c5f48041e7200a9c4cea90cb10784d.jpg,2025-05-15,239502,564,20548,6247,2977,3127,405,2025-05-16
114506948678757,3546884111075656,M2M_China,你可能不记得我？但一定听过我的歌【M2M少女组合】,翻唱,http://i1.hdslb.com/bfs/archive/30cf4922516d317ab259c81b0392a1b7eb1752b0.jpg,2025-05-15,336873,1089,25180,8545,5381,1804,2258,2025-05-16
114515253397626,2017611,利利那TD25,硬核开箱，诺亚，神一般的奥特曼【定格动画】布鲁可传奇版诺亚,模玩·周边,http://i2.hdslb.com/bfs/archive/1f858659e9f9fec20c5060b338159041334523c3.jpg,2025-05-16,134522,127,13351,2696,3103,1184,290,2025-05-16
114500221015985,441938474,大师兄说游,那些地铁逃生老玩家也不知道的冷知识！,手机游戏,http://i2.hdslb.com/bfs/archive/a80ea8da64507bf972dfa3fc27d982d92e84f712.jpg,2025-05-13,1940466,13,31332,13595,306878,12,9,2025-05-16
114478595182435,37701227,心中之城_,这就是顶级杀手的食量,影视杂谈,http://i2.hdslb.com/bfs/archive/9834a96c8d380e52ea9999acccd9e219a024e1ff.jpg,2025-05-09,5233166,12171,259984,51962,83077,4597,5142,2025-05-16
114509834360715,487505057,池早是我,omg第一次参加漫展就遇到这种事,日常,http://i2.hdslb.com/bfs/archive/65b8e680a5aee69404ecbc431d09335aeceefdaa.jpg,2025-05-15,302782,264,29918,1718,5785,203,201,2025-05-16
114505740784856,31225950,不是柯桑德,带外国音乐人第一次游中国，他直呼：这辈子最难忘的经历！,乐评盘点,http://i0.hdslb.com/bfs/archive/a932430823670763cf6af8924659572ef62021b0.jpg,2025-05-15,221000,1723,21819,23256,4887,197,538,2025-05-16
114508894836660,268941858,磊哥游戏,鸡爪流蒙恬&李信出装优化更新，压低出装成本,手机游戏,http://i0.hdslb.com/bfs/archive/4c0ca9e107697a6d627fb4fcd13ef6b15b5f7c69.jpg,2025-05-15,759720,405,55842,4404,8049,1496,3335,2025-05-16
114509867911897,3546594741848906,团团的一家,天津早点吃法教程之云吞篇,美食记录,http://i1.hdslb.com/bfs/archive/2c218f5ad9f17cfd8989f672af2bcac379e77747.jpg,2025-05-15,458717,1607,39325,2937,2819,4384,2237,2025-05-16
114505421951984,70429299,嘞是唐孃孃,《你只准备了一滴水，来了100亿个领导》,搞笑,http://i1.hdslb.com/bfs/archive/e96435d52bb2faf28b01ccc8b7be8a013596acf9.jpg,2025-05-14,820588,476,73391,1055,5481,952,646,2025-05-16
114483578080947,3546711161047320,维他动物园-,《一场盛大的陵园购》,动物二创,http://i1.hdslb.com/bfs/archive/aaa73e028571de83383cb955a912b543fa40be33.jpg,2025-05-10,2134907,9053,346838,44318,63782,1348,1110,2025-05-16
114509918240930,3494355639732908,学长科普哦,高速公路为什么不绕开山要建隧道,科学科普,http://i0.hdslb.com/bfs/archive/dbf6a70f92b3a30e8898bcd7bff39721aa642107.jpg,2025-05-15,337135,138,28009,618,911,80,238,2025-05-16
114477571772029,42423518,Pines_Z,独立游戏大电影！数年难遇【神作】！《Indie Cross》究竟讲了什么？,单机游戏,http://i2.hdslb.com/bfs/archive/9b4d843e7e1f8ef46e2001e118bc378c84a67dd6.jpg,2025-05-09,1071277,8379,136216,28132,83559,4297,2086,2025-05-16
114488426632096,18987485,OVTTTTTTT,用《反乌托邦》的方式打开三角洲？,鬼畜调教,http://i2.hdslb.com/bfs/archive/9161ee13abca696c8b1cf2c3f453359d5ab9ff91.jpg,2025-05-11,122039,154,21107,4874,8370,413,219,2025-05-16
114500221015393,401742377,原神,《原神》剧情PV-「旋舞谢幕礼」,手机游戏,http://i2.hdslb.com/bfs/archive/4bf2ac5843a03d518770f5bbf9e4323e8a5faf17.jpg,2025-05-14,745922,2707,91394,31489,28987,4051,4333,2025-05-16
114512032240504,11643866,汤姆的混乱空间,Ultra车主质疑宣传有误，米粉表示那是你理解不够，律师车主高能输出！,搞笑,http://i2.hdslb.com/bfs/archive/42feaf83ea5e398c8c5d4eb1066b04afb8c602cd.jpg,2025-05-15,254990,2336,10078,2855,1366,946,2822,2025-05-16
114515773492962,38968617,大福咕咕,惊！《猫和老鼠》中的动物竟然这么多？,动漫杂谈,http://i2.hdslb.com/bfs/archive/594e5bcffa6bfeb5dd457ab2d967b94b32cfa7dd.jpg,2025-05-16,32232,493,4803,975,952,42,180,2025-05-16
114487017348188,34657253,一个小立丶,【真菌感染100天】超强细菌席卷大陆！二人踏上征途！#1,单机游戏,http://i2.hdslb.com/bfs/archive/ec3d9c9a3c0189a843c76c648ccc912f5ff7b785.jpg,2025-05-11,1972198,900,16740,9271,93799,76,116,2025-05-16
114495439573238,546189,小Q不是导盲犬,罕见抽签：美国代表强行整活，主席难绷全场哄笑,社科·法律·心理,http://i1.hdslb.com/bfs/archive/8b9f6feac5ed5d60c4e386ae039a7780803b1d8d.jpg,2025-05-13,1570456,6334,66555,4142,11696,1475,1356,2025-05-16
114505371747865,8263502,橙飞一下,大连烤油边挑战，300秒吃完10串奖200餐费！商家终于挣到钱了！,美食侦探,http://i1.hdslb.com/bfs/archive/2c3f8e7e83ad1ca843ab71ef37c19bda8e436eba.jpg,2025-05-14,1137318,3898,41909,2713,2005,3151,2373,2025-05-16
114501227645137,3816626,Linksphotograph,【Links】飞跃13000公里，我们抵达了北极的心脏,出行,http://i0.hdslb.com/bfs/archive/aa709567ee55a7261b96117e4290d8bacd4c1448.jpg,2025-05-14,648999,4083,45489,34904,17783,6870,980,2025-05-16
114500103573179,1340190821,崩坏星穹铁道,《崩坏：星穹铁道》走近星穹——「风堇：新的风宝已经出现」,手机游戏,http://i1.hdslb.com/bfs/archive/7783ba44c812efefd66eda9382612c7bcfbe0be8.jpg,2025-05-14,1310634,7886,124418,26420,16155,10588,8188,2025-05-16
114509465256164,3493260618106936,伤心欲茄222,《鲫鱼牌手机》,搞笑,http://i1.hdslb.com/bfs/archive/4b1ed727f2bb7c5f24b458614abee9ba9a5c53e2.jpg,2025-05-15,598584,597,71385,1899,2612,1841,654,2025-05-16
114510622885903,9130832,张八筒筒,老公好像有新女友了,日常,http://i2.hdslb.com/bfs/archive/7e090915768a7824d7bddf4e464d232b4c56aab0.jpg,2025-05-15,1199048,269,91978,2992,3727,2882,907,2025-05-16
114504633423453,3519797,战术级子轩,一人不杀清图爽吃400w 这就是绝密巴克什,网络游戏,http://i2.hdslb.com/bfs/archive/f7e3b58123ecb28e75b1c220329b9f4f2360bf24.jpg,2025-05-14,798700,362,37692,617,4127,1002,465,2025-05-16
114510035681512,1280231019,老6就叫使命召唤战区,扶贫主播遭遇职业生涯滑铁卢,网络游戏,http://i0.hdslb.com/bfs/archive/9c18a5d8127c7b310c71142bffbf30790bc75ca5.jpg,2025-05-15,508498,605,23080,734,3117,183,368,2025-05-16
114499919152879,1659651634,七颗猩猩QKXX,原来这就是我单身的原因……,搞笑,http://i0.hdslb.com/bfs/archive/ab8faa442050518de81caccb996b91993a99c1e3.jpg,2025-05-13,2427897,491,101334,1935,10035,1945,1273,2025-05-16
114484802752238,13663620,一枪超人CSGO,【超人杯第二季】当五个职业C+对战天禄战队,电子竞技,http://i0.hdslb.com/bfs/archive/ab6a28f9be53dfc4749de13e320104eea3967d4c.jpg,2025-05-11,1745602,21059,151268,140221,48464,11963,6249,2025-05-16
114496630690501,34689776,朴挽凉,Heart111听起来就像,音MAD,http://i2.hdslb.com/bfs/archive/1d74ec29cbea5304e81daf52a24b2fa9e74f78f3.jpg,2025-05-12,529873,12909,101664,4856,31704,12864,1271,2025-05-16
114511663141017,19286458,陈翔六点半,陈翔六点半:“滴”，电梯载着爱情来了,小剧场,http://i2.hdslb.com/bfs/archive/6a92045e2511a98419bc2931ae5644847f7913b6.jpg,2025-05-15,423886,2063,16715,2133,1711,335,1159,2025-05-16
114511310757843,393709394,一串大福,宿舍开黑的尴尬经历！,搞笑,http://i0.hdslb.com/bfs/archive/64f4d56da9edb04fcb9b06886e0c1f829e96496d.jpg,2025-05-15,234013,439,25004,813,4181,176,283,2025-05-16
114510186809029,1273859239,妮娜Nina_1212,这里限高,搞笑,http://i0.hdslb.com/bfs/archive/fc45e42d0f7029c0ff994a77f9887e66fa3d002f.jpg,2025-05-15,549274,418,51283,942,1911,1268,662,2025-05-16
114500724526713,449653642,三角洲行动吴彦祖,听到这个声音有压迫感，是正常的孩子们,日常,http://i2.hdslb.com/bfs/archive/37e2a9bd6b3229eabb945ca61b9c45a026104e56.jpg,2025-05-13,853733,294,47198,1815,25059,4350,675,2025-05-16
