视频 ID,用户 ID,用户昵称,标题,归属类别,图片,发布时间,观看人数,弹幕数,点赞数,投币数,收藏数,分享数,评论数,当前时间
113602371518943,25876945,极客湾Geekerwan,华为Mate70 Pro+性能分析：麒麟9020来啦！,数码,http://i2.hdslb.com/bfs/archive/b77cdf47c488bfa17b1a6aeb22a057e742489b00.jpg,2024-12-06,454618,7563,45805,30907,7561,7226,13928,2024-12-06
113595308313042,3494379073309365,无限大,《无限大》技术性测试预告,手机游戏,http://i2.hdslb.com/bfs/archive/feb26a326053f3cb1d4326c14c267722770304b6.jpg,2024-12-05,4115930,10931,133841,42055,42541,41231,18097,2024-12-06
113599351627314,598464467,苏星河牛通,【苏星河车机】进口车车机有多离谱？果然洋相还得洋人出啊…,软件应用,http://i2.hdslb.com/bfs/archive/d2155366079ed9d581b95534787b5b5a78650fab.jpg,2024-12-05,552398,1370,10082,1667,1725,2523,766,2024-12-06
113599452285578,928123,哔哩哔哩番剧,【10月】胆大党 10,连载动画,http://i1.hdslb.com/bfs/archive/cfb39d351f350415f869771e12eb97119c5bd36c.jpg,2024-12-05,291765,6728,11925,4206,892,396,3775,2024-12-06
113594435902736,1343321779,央视农业,纯农业科普！一晚上发生了啥？能干啥？5大可能分析！【主播说三农】,综合,http://i0.hdslb.com/bfs/archive/7e65c1d8003fa3f6ad0fa21396fe1ac8fd4aba5f.jpg,2024-12-04,1665490,8734,247028,96737,28266,40155,8549,2024-12-06
113588261886753,37029661,小鹿Lawrence,求婚一周年，但忘了纪念日？！,出行,http://i0.hdslb.com/bfs/archive/e68c6774536660044edafdf91a4a6c8709c726bc.jpg,2024-12-03,640212,2340,19101,14117,4927,2109,694,2024-12-06
113594570244805,641217,第七翼刀,妻子变成亲妹？婚后发现妻子是我父亲和他嫂子的女儿，婚姻还有效吗？,社科·法律·心理,http://i0.hdslb.com/bfs/archive/a87967bc8b6488d3d2d3653b5b9696024b6b5500.jpg,2024-12-04,447705,2312,28396,1530,3923,6988,1654,2024-12-06
113600408655433,23947287,小约翰可汗,苏联政府如何逼迫美军越狱？【神奇组织24】,人文历史,http://i1.hdslb.com/bfs/archive/afc06b7fd52c6e193ffbe90e5e7b61a5bb9c8fe6.jpg,2024-12-06,299921,5714,40975,19401,10796,1459,2919,2024-12-06
113594318457122,3546675075353038,姜武,身份证上你是什么民族？,明星综合,http://i1.hdslb.com/bfs/archive/9fc62787c76d1fa7dce2e6b5cfd00a8b338377c6.jpg,2024-12-04,928269,2917,107059,25570,16499,4347,8327,2024-12-06
113593462819299,7584632,哔哩哔哩纪录片,【纪录片】单挑荒野：水之章 第1集 哥伦比亚奥里诺科河（上）,科学·探索·自然,http://i2.hdslb.com/bfs/archive/6a916027816cbbbe4fc765b9b91bfbbf219528e9.jpg,2024-12-05,697099,3725,11795,6641,3726,1597,839,2024-12-06
113597338354974,383578614,超Carry的柴西,下雪后的长白山封神了！南方人实测4天3晚长白山之行！,出行,http://i1.hdslb.com/bfs/archive/158e5e953e7623ec47f02a6683af8e87426c01c5.jpg,2024-12-05,422865,2417,37993,34674,10517,5070,1313,2024-12-06
113599267740804,31009079,萧然Q,【出苍白海】EP-1至EP-8 摆完挂机 简单好抄,手机游戏,http://i2.hdslb.com/bfs/archive/698497c2e6adccc1497fbd59ee9dbf0c93544c55.jpg,2024-12-05,1138673,766,23382,19241,5992,580,1388,2024-12-06
113601163690374,13371339,樗柒ヽ,三模薇薇安娜 VS 全方舟BOSS，不惧法抗！彻底起飞！？【明日方舟】,手机游戏,http://i1.hdslb.com/bfs/archive/18b9a02b2cd2dd3dbc18024910b0abe649541df3.jpg,2024-12-05,311724,1081,13476,1422,1592,4910,2180,2024-12-06
113600727356932,6126869,板糖,“一有哇嘎，我就哇嘎！”,手机游戏,http://i2.hdslb.com/bfs/archive/45d7c1dc40bfa86b5bae2da08a137531acaab49d.jpg,2024-12-05,258100,210,11895,654,1715,958,1067,2024-12-06
113602673512493,12073864,-碱式碳酸咸鱼-,三模薇薇安娜 VS 全方舟BOSS，真·攻防一体的艺术品！【明日方舟】,手机游戏,http://i0.hdslb.com/bfs/archive/3998f19d72374e5f2fc3d213625e19bfc6a9a64b.jpg,2024-12-05,149863,360,8725,1039,1047,1834,1051,2024-12-06
113589419508371,337521240,记录生活的蛋黄派,用螃蟹还能做豆腐？帅小伙怒花400买螃蟹试试！,美食测评,http://i2.hdslb.com/bfs/archive/9cbaab08cf280df937ae4970e5efc6f1e1672710.jpg,2024-12-05,545437,851,75507,18224,4388,541,548,2024-12-06
113596264619073,3494376565115651,三角洲行动,【战役模式：黑鹰坠落】丨全新实录预告,网络游戏,http://i0.hdslb.com/bfs/archive/541b812a6ea0e06d0a6a359c395a3750929b9d57.jpg,2024-12-05,1175356,771,38114,1001,4356,9344,4438,2024-12-06
113595039944719,508215481,火兰朋克,2024 不被中国电竞气晕！ 热门电竞游戏成绩汇总盘点,网络游戏,http://i1.hdslb.com/bfs/archive/f22d62cde408aa30be51f217ec62e32966f3efca.jpg,2024-12-05,556822,5419,24501,6770,4451,2525,3014,2024-12-06
113597707453729,99827844,肥格Fager,黑神话随机罐子冠军赛！#5,单机游戏,http://i2.hdslb.com/bfs/archive/0f4bfcf8dc6aa1873f4173c6b61f806804d13448.jpg,2024-12-05,996713,12980,71929,29891,18499,2494,2640,2024-12-06
113593630590691,1336027038,吃不胖的放心,螃蟹的爱情也是很深情的，都能为彼此上刀山下油锅，香辣啤酒蟹巨香的，蒜油拌面你一吃一个不吱声。,美食制作,http://i2.hdslb.com/bfs/archive/cec5814b1f1511656783a81f11782abbf95625ee.jpg,2024-12-04,1819367,2335,69569,1167,6493,4850,2266,2024-12-06
113599620121708,1986039004,Tiger西西,这叫熏肉大饼！加辣！,美食制作,http://i0.hdslb.com/bfs/archive/126c2a80223a333eab6c377977fff5d4672f80ed.jpg,2024-12-05,656544,459,72177,3238,2073,1029,635,2024-12-06
113598797975501,1773346,莴苣某人,【无限暖暖】1.0公测一条龙全收集 宝箱+奇想星+灵感露珠+任务+打卡点+小游戏 纪念山地/花愿镇/,手机游戏,http://i2.hdslb.com/bfs/archive/3baf5414dfc36a675013828e33848952a74e181d.jpg,2024-12-05,375316,870,14135,7835,12062,3656,2171,2024-12-06
113592674290291,34009507,-显眼宝-,既然你笑着走进我家……,小剧场,http://i1.hdslb.com/bfs/archive/6969e356ec8e85121d03b65feefc70f03bb5651a.jpg,2024-12-04,1187240,2899,150711,83940,27705,22637,3868,2024-12-06
113599167074451,8969156,小白测评,「小白」华为Mate70 Pro+全面测评:麒麟9020性能+鸿蒙NEXT实测来了！,数码,http://i1.hdslb.com/bfs/archive/e1dd50db827b13c563db796f1d6fe319e945fee3.jpg,2024-12-05,453372,8765,28880,14850,4491,2227,7111,2024-12-06
113587825679192,546189,小Q不是导盲犬,罕见票型：俄罗斯1：14否决苏丹决议，英国外长火力全开,社科·法律·心理,http://i1.hdslb.com/bfs/archive/6040150f8f7098c3c9d26da579dec9312fd7dd0e.jpg,2024-12-04,1917967,14420,64115,5123,10695,2594,4572,2024-12-06
113595123768719,267776898,我才是熊猫大G,亲眼目睹门牙塔复活后，大G道心破碎：老板，明年给我找个班上吧！,电子竞技,http://i2.hdslb.com/bfs/archive/2e3464b705ce3e50672e2f71b00287f0bc0a2472.jpg,2024-12-04,802510,656,29996,1170,917,1326,2396,2024-12-06
113594452674038,346563107,波士顿圆脸,戒严解除最速传说：疑似有点确实成为全世界的笑柄了,环球,http://i0.hdslb.com/bfs/archive/4e23c2310a2ddf6a03cce79ad76697ca76a87550.jpg,2024-12-04,2184300,15482,117810,13162,10140,3287,3903,2024-12-06
113593882247569,2028419,AD钙奶民间代言人,【吐槽】【美人鱼的夏天】已经……已经没有人类了……,影视杂谈,http://i2.hdslb.com/bfs/archive/0952aebc7f660cc00679d6a93e2372d693cd51ae.jpg,2024-12-04,899457,3147,46509,2803,8476,10636,2205,2024-12-06
113598546379291,3546582137965345,怪叔来了,曾在7次事故中死里逃生的塞拉克，既幸运又倒霉的他还中了一次大奖,综合,http://i0.hdslb.com/bfs/archive/cd6a4b8a889a3cec49c40f8aab5ce3defa2e97ea.jpg,2024-12-05,358188,1328,67911,685,12059,5231,935,2024-12-06
113598798044444,3493260093819171,李维刚的日常,花8800包下流浪狗救助站的鱼塘，亏了就当为小狗添口粮！,健身,http://i0.hdslb.com/bfs/archive/0a7b960092b98447b988a0c683bae7aa8444281a.jpg,2024-12-05,380573,2482,57994,59641,3982,863,1935,2024-12-06
113598160505422,470346704,孤鹜AH,一球害三贤,搞笑,http://i2.hdslb.com/bfs/archive/5043a8a74cedb01047f2f834965a910d00695c6a.jpg,2024-12-05,796838,165,102534,2344,19499,6100,416,2024-12-06
113599871717694,86469984,taerubykim,ROSÉ - rosie.新专完整版音源,MV,http://i2.hdslb.com/bfs/archive/8a43a399aacc46f239945f1c0ba1f1b5e52fce02.jpg,2024-12-05,202630,2595,13014,6805,10184,6935,4043,2024-12-06
113598680600792,42561463,浑元Rysn,第一次cos，老板貌似比我还熟练,演奏,http://i2.hdslb.com/bfs/archive/7a2903bf9248a4253947a2eb458b095d35ac6ca7.jpg,2024-12-05,533554,405,27781,1102,4737,573,484,2024-12-06
113597992669206,1375113280,meme的爆米花,我爸离家出走，原来是因为。。。,鬼畜剧场,http://i2.hdslb.com/bfs/archive/c18d44b9f22e08b06b19c53b810c24ea2f660bfa.jpg,2024-12-05,195514,143,48931,752,5010,1253,291,2024-12-06
113599804671936,7646527,凶鸭栗,来工地蹦极啊！,同人·手书,http://i2.hdslb.com/bfs/archive/37c999c9bb91bdde6af6a9067500500d45aa4a85.jpg,2024-12-05,679690,76,51064,1068,1298,524,312,2024-12-06
113598294657457,265059948,温柔JUNZ,1400000000克毒品！破纪录了！哥伦比亚的毒品战争【温柔】,社科·法律·心理,http://i2.hdslb.com/bfs/archive/af2ee2e318b8f6bbccbfaa62d5dd0e4e4ded4c44.jpg,2024-12-05,519591,958,62948,809,4695,1331,1526,2024-12-06
113600811243215,339736687,随風说,韩国政变始末：绝望的总统与“小国悲剧”,社科·法律·心理,http://i2.hdslb.com/bfs/archive/3ce3c534baecbf01c815237bbc0c3d231c1ddfb3.jpg,2024-12-05,200774,489,6920,2474,2137,387,765,2024-12-06
113598227553941,2108856,流萤Zz,当我带cv去「自己配音角色」的「线下联动」会发生什么？【二次元爆改dlc】,仿妆cos,http://i1.hdslb.com/bfs/archive/01e3f138fad587053039e59bbb5ee9cd41d8897c.jpg,2024-12-05,527910,951,41739,8168,11618,3757,1329,2024-12-06
113586416392005,3546572434442975,异人之下游戏,异人之下游戏｜「入世测试」7分钟实机演示,网络游戏,http://i1.hdslb.com/bfs/archive/50268a66fcaf9a4bca96c4013f66b390e3a9337a.jpg,2024-12-03,3399226,5024,161465,18313,19547,43898,17025,2024-12-06
113594922502669,674606424,汤姆港房,香港还是太超前了！13平的空间做出3房1卫1厨1阁楼！,家居房产,http://i2.hdslb.com/bfs/archive/06605067af50b41b4e15a603aba5deb7bb8b7682.jpg,2024-12-04,720929,3349,38113,1368,5214,10977,5133,2024-12-06
113594251346461,39279965,影石Insta360,测试网购降落伞，当场就要给差评！,运动综合,http://i2.hdslb.com/bfs/archive/4a9913fe84555bf43f869e7e720c0366b9aae5c4.jpg,2024-12-04,3860737,548,119783,870,3813,581,1233,2024-12-06
113600005939027,1405515989,The梁某人,陪大家重温了这么多动画片，这次读个评论吧！,动漫杂谈,http://i0.hdslb.com/bfs/archive/ba5eb2d8ae5a02686c0c76a9967965c1300d59cb.jpg,2024-12-05,337848,2631,38090,6992,3651,306,2054,2024-12-06
113599418733717,3546619314178489,蓝飘飘fly,融合模式：诸神：全军出击！,单机游戏,http://i2.hdslb.com/bfs/archive/6390b45fbc8e53d89888450b251d504c222f8da0.jpg,2024-12-05,128832,926,8827,1350,731,171,983,2024-12-06
113599787897457,548196587,带床去旅行,可能这辈子没法成家了，根本找不到女朋友啊，你说以后该怎么办,出行,http://i0.hdslb.com/bfs/archive/402ff31c2522d86f161a0165431f50a0dabae7bd.jpg,2024-12-05,406243,6555,22714,7497,1429,765,5181,2024-12-06
113596180729615,264862821,最后一只渡渡鸟,未开服即下架！王者IP新游戏为什么突然暴死？,电子竞技,http://i0.hdslb.com/bfs/archive/88644b261cfcb1ed08db5307831b1461c71a9982.jpg,2024-12-05,333767,631,11733,2623,1873,784,1556,2024-12-06
113597942336114,113362335,宝剑嫂,再也不去好朋友家了…容易破产！！！！,日常,http://i1.hdslb.com/bfs/archive/db54bd9f1f1ceac95056a657ff6e13f409ba2203.jpg,2024-12-05,372168,924,34980,10750,8014,1007,1009,2024-12-06
113593966140359,285499073,东尼ookii,包下3000平大别墅。找5个胜负欲很强的up玩《猫鼠游戏》！,搞笑,http://i1.hdslb.com/bfs/archive/f844ff0eb2d084f2a30d45d5357f959b92175994.jpg,2024-12-04,432459,1045,29741,8189,3643,337,438,2024-12-06
113577994289777,3546794552199406,米饭仙人FFyasueda,【辣条王子】白米饭3斤半,美食侦探,http://i0.hdslb.com/bfs/archive/a327648a001d926737aec9863de99ce4e9361051.jpg,2024-12-01,5455972,157779,397634,89484,26435,21870,16661,2024-12-06
113602153418694,680447,马里奥红叔,当你「发出声音」就会被鬼逮住!!？,单机游戏,http://i2.hdslb.com/bfs/archive/446fcbe302c1b8a48b5b7319c014a63799ffcf10.jpg,2024-12-06,78685,361,15011,3227,1784,107,173,2024-12-06
113599620125507,601270690,飞飞feifei,养巨贵前，觉得是狗届crush；养巨贵后，才发现是钱包不允许！,汪星人,http://i2.hdslb.com/bfs/archive/f87c2e3c11318a289aae86deef09eeb5d4f067e3.jpg,2024-12-05,220692,453,32799,12695,1369,550,581,2024-12-06
113593462817078,3816626,Linksphotograph,新疆开车到英国其实只要7千公里！我们在欧洲开上了中国绿牌车！,出行,http://i0.hdslb.com/bfs/archive/2ff62a09370f9830dfe8b9196e9520f3c153e50b.jpg,2024-12-05,506696,2309,32503,12471,8485,3876,1197,2024-12-06
113600475697247,1683678,人好嘴甜凯尔希,【明日方舟】引星棘刺实战测评：异格归来已是强者，不是辅助是输出！强烈推荐抽取！,手机游戏,http://i1.hdslb.com/bfs/archive/358f4e3403fe1e701bc0f409be28bcd9e0d2e8d9.jpg,2024-12-05,253134,1080,7063,1153,846,1427,1709,2024-12-06
113599385175956,10119428,小片片说大片,真实罪案，大胆改编！被低估的国产悬疑黑马！《猎罪图鉴》第一案,影视杂谈,http://i0.hdslb.com/bfs/archive/88b23f7390b51b51c303ff20e996cb306e86de08.jpg,2024-12-05,306473,1711,26358,10611,5234,964,1074,2024-12-06
113600207261937,268941858,磊哥游戏,真玩不了，5杠1的亚瑟才银牌，搁以前早大金牌了,手机游戏,http://i0.hdslb.com/bfs/archive/bf2099d717ad6abfe573c42afd77324e59e88bc3.jpg,2024-12-05,361937,701,34235,1103,1002,391,2300,2024-12-06
113600744132700,293187959,寞桀緣才,【大鸣王潮1566】想被椿怎样对待呢,同人·手书,http://i1.hdslb.com/bfs/archive/fe487b045cbd2a49de54ea1a5414834edffdfb58.jpg,2024-12-05,216915,685,30170,9305,2969,774,1422,2024-12-06
113594888881414,3493105762306646,超级臭豆腐MollyKo,因为像爸爸而引起的 “大破防”,亲子,http://i1.hdslb.com/bfs/archive/8c59f14df8a5b49dcae86b2c26dbf17726bd5078.jpg,2024-12-04,1137277,1040,66365,1739,5259,7006,1685,2024-12-06
113598110175173,78504036,三更研究所,公园灰熊集体开始吃人，生物链平衡达到临界点崩溃，冰川公园恐怖事件,人文历史,http://i0.hdslb.com/bfs/archive/25ac8455b301cc5e41db91c849bd88a2b27d89ae.jpg,2024-12-05,236084,2372,11971,3733,4696,786,1813,2024-12-06
113600190484126,150522015,想想工作室,我们在100万个杯子上办了一个画展,绘画,http://i1.hdslb.com/bfs/archive/faa7554fc936efd18c6e0fa2f3167f15727c06c6.jpg,2024-12-05,141542,673,18667,8965,2262,2621,1615,2024-12-06
113593613878570,703186600,麻薯波比呀,尹锡悦创下最速“政变”传说？,社科·法律·心理,http://i1.hdslb.com/bfs/archive/d712d1e98f97c6d0dd29c727ca1455d532490256.jpg,2024-12-04,1846245,10945,108781,15516,11171,7227,4027,2024-12-06
113599469063778,477569206,华晨宇工作室,晨光里有你（2024火星演唱会现场版）-华晨宇,音乐现场,http://i2.hdslb.com/bfs/archive/3682d27e51586f210141ad1bab6b08a5aad15d4e.jpg,2024-12-05,117785,7158,19281,26652,14642,3727,2194,2024-12-06
113598244390852,20457232,一只吐槽圆,【2024影视剧奇葩大赏】辣眼演技，迷惑剧情，又是一年共“翔”盛举！,娱乐杂谈,http://i1.hdslb.com/bfs/archive/b5db3f8fdac004090e47b963f4a1580a5c509e89.jpg,2024-12-05,475202,5608,22118,3038,3233,2771,912,2024-12-06
113593412557850,946974,影视飓风,直播5年，影视飓风再造新场地？？,数码,http://i1.hdslb.com/bfs/archive/3cc2bc992d52da42a5bd59a4457262766d57fb73.jpg,2024-12-04,869032,6171,86109,41593,11733,2803,2309,2024-12-06
113598328210964,450882837,一叮当猫一,氪金武将高达500万兆战力？数值膨胀到逆天的游戏！,手机游戏,http://i0.hdslb.com/bfs/archive/8aff660c12052f02a0796701369482806591bceb.jpg,2024-12-05,342958,424,27881,19470,5349,1367,930,2024-12-06
113597506127299,161775300,明日方舟,《明日方舟》EP - Sailing For,原创音乐,http://i1.hdslb.com/bfs/archive/c36908d6b99eb76e820f1e8db49eb7715ed004ca.jpg,2024-12-05,433629,3014,46261,17216,12077,5544,5209,2024-12-06
113599401956203,10462362,天天卡牌,【逗鱼时刻】第439期 套娃永动机，这也能吃鸡？,桌游棋牌,http://i0.hdslb.com/bfs/archive/43e2306738e1f11333553823aca06c924dca4056.jpg,2024-12-05,539925,2172,26143,6639,2038,931,1021,2024-12-06
113587775408816,1749785131,茶粒子kokoda,妙手回春啊大夫【自己吓自己】,绘画,http://i2.hdslb.com/bfs/archive/577f534ad3a95267634c3ad90e646477e6dd6565.jpg,2024-12-03,1337002,388,37573,1109,5668,1921,1591,2024-12-06
113594536561275,1575718735,保镖的车库,牛犇！方程豹U8奶爸云辇DMO冰箱沙发ADS3.0版?,汽车知识科普,http://i2.hdslb.com/bfs/archive/71b1bf9c66fb98c9e6f4a0f51409bb586a681cbc.jpg,2024-12-04,498562,925,25229,5355,2757,407,780,2024-12-06
113600039491307,500140286,隔路脑,纯路人 根据一张动漫图分析出角色的性格和实力,综合,http://i0.hdslb.com/bfs/archive/bb0a3c3a71c9adb25b0301fa663bdce08d8bfe5f.jpg,2024-12-05,195323,1650,27788,1525,3753,872,1557,2024-12-06
113600643469900,12073864,-碱式碳酸咸鱼-,引星棘刺 & 棘刺 VS 全方舟BOSS，新的至高之术！【明日方舟】,手机游戏,http://i0.hdslb.com/bfs/archive/abd7fbf9c1acb1a33ed60bada8ae7aa65e689265.jpg,2024-12-05,286403,452,13038,1775,1568,1068,1167,2024-12-06
113593563548072,33488229,扁豆看电影,还原韩国最暴力政变，把总统钉上耻辱柱！韩国最大胆的电影！《首尔之春》,影视杂谈,http://i2.hdslb.com/bfs/archive/23ea069eb31cdbb26ce7e0a40f0b24b5f7e75174.jpg,2024-12-04,677176,1369,17855,2746,7705,1990,1321,2024-12-06
113599536170361,3546638173866146,李万基fit,处理小区问题的尴尬瞬间,搞笑,http://i2.hdslb.com/bfs/archive/3e4db129d55d24e3d7bea47184309599a54fd908.jpg,2024-12-05,340653,364,29900,631,709,252,373,2024-12-06
113598462429807,382375531,馋大鑫,据说早餐店包子都是预制菜？直接加热就能吃，卖早餐都能睡懒觉了,美食测评,http://i2.hdslb.com/bfs/archive/79180f56ec5dd52f8ec0ce18aaad9e4467a28061.jpg,2024-12-05,545483,931,15026,1293,1633,674,1835,2024-12-06
113593966206572,272562791,张小伙玩配音,当浪漫派遇到了写实派,搞笑,http://i1.hdslb.com/bfs/archive/963d8b63fc739f871544858267a6ddbd2e48bb18.jpg,2024-12-04,392925,227,41062,9238,4941,4199,622,2024-12-06
113587741854035,88160614,困困君丶,“耽误你3分钟，总有一波操作能征服你三连！”,电子竞技,http://i2.hdslb.com/bfs/archive/78be45a4d6a83e1e2072969a9361b6590e8f86be.jpg,2024-12-05,227846,156,19267,4684,650,176,155,2024-12-06
113594352013615,441897078,火影忍者手游情报君,太好了！九周年版本前瞻，百战佩恩全爆料来袭！,手机游戏,http://i0.hdslb.com/bfs/archive/6edbe831659b497086465d4364ee9b5bb39bc906.jpg,2024-12-04,1844887,30336,88823,8409,16749,17183,6190,2024-12-06
113594486227604,20892823,柠檬派奇幻漂流,老师：你可是真刑啊？！？要不你看看自己写的什么东西？！,搞笑,http://i0.hdslb.com/bfs/archive/33df4d4acfb6f8bf16656152f8179c0ea0a16020.jpg,2024-12-04,1458825,2472,39063,7756,41476,1548,886,2024-12-06
113598093336176,22089099,手艺贾,卧虎藏龙地，贪心人慎入！,搞笑,http://i2.hdslb.com/bfs/archive/4a0e9e866b63a78732f3530ea1c2ec68412683d9.jpg,2024-12-05,334113,2120,24908,2199,1262,295,626,2024-12-06
113599536174117,475443398,黑毛羊驼,【网络热门神秘生物25】日本政府培育的半人半鲸生物？南极深海的宁根究竟是什么？,科学科普,http://i1.hdslb.com/bfs/archive/51f510351205f377f9069d042aa35f153a38b805.jpg,2024-12-05,244422,758,15275,720,3689,181,603,2024-12-06
113599821583075,533459953,刘庸干净又卫生,和浩南哥一起吃火锅，很开心,美食侦探,http://i1.hdslb.com/bfs/archive/d3a741a45f041616c736ca04e984aa9137960378.jpg,2024-12-05,322218,560,29601,1416,972,630,936,2024-12-06
113594402349027,601076079,雨声好入眠,井盖：我也去当个天命人玩玩儿,网络游戏,http://i1.hdslb.com/bfs/archive/fcc7ee001b56f6007384f19c8fe21508404860f7.jpg,2024-12-04,388496,675,37260,23866,6227,5779,1376,2024-12-06
113576970946998,185393233,刘强是个芽芽脑,台风天捡到的小猫，希望你快快长大，健健康康！,喵星人,http://i2.hdslb.com/bfs/archive/dde65d14c2289f2536088b92fca4d7d9419972c7.jpg,2024-12-01,999573,460,112205,25110,9738,1515,1559,2024-12-06
113565562307086,94510621,梗指南,自己吓自己是什么梗【梗指南】,搞笑,http://i1.hdslb.com/bfs/archive/6994f1c336bd901dae02df3fad909aebe49d1d01.jpg,2024-11-29,2130864,2652,67351,1051,7680,17387,3132,2024-12-06
113599871718748,91790758,伊介书生,人 满 为 患,鬼畜剧场,http://i1.hdslb.com/bfs/archive/25dd7a800df950f9c2b00b5111fbbe5a2400c120.jpg,2024-12-05,204727,233,11192,902,2746,3408,393,2024-12-06
113595056653922,3546642856806515,联合国教科文组织,官宣：中国春节申遗成功！,人文历史,http://i0.hdslb.com/bfs/archive/9fb012bc31bf6a92eb8217a347d0e2a85e2ecc86.jpg,2024-12-04,699931,4353,69720,11223,9189,4998,1145,2024-12-06
113581735614621,11030184,猫村猫村,中国那么大，其实大家对彼此的了解还是太少了。。。,人文历史,http://i2.hdslb.com/bfs/archive/d5ab432f409cbbbce3d04668b353a1c2a7454ab0.jpg,2024-12-04,536170,1328,31653,1510,6653,766,2828,2024-12-06
113597908786152,1968595,鹦鹉梨,内搭+大衣怎么配？我扒出了最简单的色彩搭配公式｜给冬天一点颜色看看！,穿搭,http://i2.hdslb.com/bfs/archive/97b6c4a567851eff75e0e3cae88e1d7172fb79a5.jpg,2024-12-05,246229,523,10309,2362,6098,732,497,2024-12-06
113599804608841,110908298,半禺心,EP-8 三人速刷研磨石  近理论最速,手机游戏,http://i2.hdslb.com/bfs/archive/47a8cdbd68a07b7a6bed532edf6bbf71d1795996.jpg,2024-12-05,155203,168,7742,3611,1365,1122,702,2024-12-06
113600626691635,1117551831,江湖弃子,叙利亚这把生死局,人文历史,http://i1.hdslb.com/bfs/archive/aa1aea453a54cf36e5ef5d4b80eaf8dccbbd1771.jpg,2024-12-05,182433,284,7554,690,1795,158,908,2024-12-06
113598428880310,546189,小Q不是导盲犬,“联合国名媛”火遍全网？鉴定网络热门联合国视频！,社科·法律·心理,http://i1.hdslb.com/bfs/archive/0386bf74149fbbd565f1b1e0bc1be591951dafa6.jpg,2024-12-05,282476,661,20599,1490,1915,451,1044,2024-12-06
113594905664682,438173577,卢克文工作室,韩国紧急戒严令引发政变，尹锡悦的下场是什么？,环球,http://i1.hdslb.com/bfs/archive/e4538add77bfef72fd05e2782d186025ac45a673.jpg,2024-12-04,920213,2745,28773,3242,4608,2768,1988,2024-12-06
113598730935461,21837784,阿斗归来了,最心酸的国产电影，导演离世都没等到电影上映，制片人下跪求排片震惊国内影坛《百鸟朝凤》,影视杂谈,http://i1.hdslb.com/bfs/archive/ddb60be0a94c99969b184df7d212896cfd888034.jpg,2024-12-05,251630,1246,14981,3744,2358,165,664,2024-12-06
113588043782889,702014294,易车横评,小米SU7一万公里真实道路长测汇报！故障次数竟然…？,新能源车,http://i2.hdslb.com/bfs/archive/2b1680956b71bb2f093d501df38ccad6b1d7e78f.jpg,2024-12-04,362905,3490,18290,11357,2876,1248,1326,2024-12-06
113595794853825,128641007,うえすぎ绘梨衣,我的青春 好像回头看了我一眼,手机游戏,http://i1.hdslb.com/bfs/archive/564bc7a466a9f7c1244328666c74150c3f2a96c9.jpg,2024-12-05,313649,315,38495,2661,2399,1409,564,2024-12-06
113588211620661,14408382,靠谱百科菌,戴耳机睡觉对耳朵的伤害有多大？ #耳机#听力#知识科普,科学科普,http://i2.hdslb.com/bfs/archive/b435791d2ccbb59132d7c9bb894dcff23a75e536.jpg,2024-12-04,815584,169,42210,1997,14172,7353,1285,2024-12-06
113594553338220,1514320538,香芹又青了,国产真恶女，死于无效洗白,影视杂谈,http://i0.hdslb.com/bfs/archive/04a5f7845cc4315de0691c83db4cf2fd3badb823.jpg,2024-12-04,409957,2128,20778,6644,7149,807,1090,2024-12-06
113594872109792,1869712375,山城小栗旬的理发日记,祝你们遇见的每一个人都很真诚！,美妆护肤,http://i2.hdslb.com/bfs/archive/6520cb2e01b5b7aa4a6b51516e62c61c2031ebc3.jpg,2024-12-04,409604,745,58798,3014,1003,561,676,2024-12-06
113590493256203,17819768,电影最TOP,电影最TOP：经典还是烂尾？一口气看完《生化危机》六部曲,影视杂谈,http://i2.hdslb.com/bfs/archive/d6b35f525541316ef54f63a4756eca7fdd31f9f3.jpg,2024-12-04,654031,9594,29116,13042,9840,1036,1121,2024-12-06
113565377763252,1590082082,马俐管家,鏖战百万级蟑螂大军（非虚数），心理阴影面积比太平洋还大,家居房产,http://i2.hdslb.com/bfs/archive/2f3c5d8890bb8b8d57431b728a31719fd1169811.jpg,2024-11-29,4041576,69881,295480,282935,81343,220988,36505,2024-12-06
113599586566700,298753342,曹小灵比比叨,人性本恶AI本坏?麦琳对人工智能发展的启示。,财经商业,http://i2.hdslb.com/bfs/archive/13f0f12336b891ba6e651d64efdec55d68d952aa.jpg,2024-12-05,143749,632,6488,1324,2271,923,618,2024-12-06
113577339980181,1296569436,大叔爱玩猫,大叔训猫,喵星人,http://i0.hdslb.com/bfs/archive/d82110ec4b49e4a7274050bb05e489ddbe33c395.jpg,2024-12-01,669953,498,94671,1010,12856,5649,2427,2024-12-06
113594553337173,35853609,爬行天下,比蟒还大的剧毒蛇，一口咬死亚洲象，眼镜王蛇因何成为蛇中之王。,动物综合,http://i0.hdslb.com/bfs/archive/5f636a88220c2466800b0691487c08412b3ebce2.jpg,2024-12-04,585931,3909,23355,12727,9539,1300,2940,2024-12-06
113593731260267,99157282,盗月社食遇记,天津人有多可怕？吃碗麻辣牛杂面，不小心听了3段“神级”相声…,美食侦探,http://i2.hdslb.com/bfs/archive/7532d3d60226fe2285b4d868e51de4c99abe2041.jpg,2024-12-04,857840,3039,60816,23844,7012,4353,1742,2024-12-06
113599334850220,26240675,与山0v0,这只有无数的丧尸，活下去请时刻小心！,单机游戏,http://i1.hdslb.com/bfs/archive/03b483898f175671f71fcdf727cc9ea15f889ffc.jpg,2024-12-05,138549,783,14979,7246,3122,208,450,2024-12-06
113592137489418,649661652,胖龙的小生活,儿子想了一星期的泡面，胖龙买3斤牛肉，做“真牛肉面”，看着就馋,美食记录,http://i2.hdslb.com/bfs/archive/bcb3f910a25678176edc83497dbec8c897d5173e.jpg,2024-12-05,461160,1428,20471,3773,1267,492,523,2024-12-06
113599485903121,3493260618106936,伤心欲茄222,《温酒斩华佗》,搞笑,http://i2.hdslb.com/bfs/archive/a4d7d49d05d9309b447f84d851a68eb298307f3a.jpg,2024-12-05,529589,411,80869,4041,3758,2879,918,2024-12-06
113593412616811,691415738,苏打baka,爆改学霸电竞车！游戏机里装作业，让表弟直接光荣进化！,极客DIY,http://i0.hdslb.com/bfs/archive/279ae220956a8b070ee0d1407a628002869bd738.jpg,2024-12-04,1092317,447,54497,1566,3856,441,360,2024-12-06
113594100351549,398582016,警花说,根据真实案例改编，可能引起不适…,社会,http://i1.hdslb.com/bfs/archive/8fc7047350692a3800afe79af7289e0eb4eaa2fa.jpg,2024-12-04,445359,299,25514,1194,10215,2042,1116,2024-12-06
113592120639838,454118230,开箱嘤嘤怪,爷爷花六百多网购的鸵鸟，竟然养死了！！,搞笑,http://i1.hdslb.com/bfs/archive/e2982ee8da0c6c8e44e6c2d9fdc72d149b7293dd.jpg,2024-12-04,1080682,1789,68051,28410,14081,850,2217,2024-12-06
113593429263909,478691043,穿毛裤的小拉泽,便宜到按斤称“网红美食”吃一口扔一桶？？,美食测评,http://i0.hdslb.com/bfs/archive/95b08c9053826a4823412515988d8fec7628e56b.jpg,2024-12-05,394331,1936,20435,2243,4102,253,881,2024-12-06
113599402017137,1033890839,小波心理,从正常到虚弱只需几十微克皮质醇?高敏感后的压力激素影响解释,科学科普,http://i1.hdslb.com/bfs/archive/8b7d36860825f33580b90abe5f363e43b19f7325.jpg,2024-12-05,59522,342,4113,1897,5420,709,379,2024-12-06
113594133972869,8469526,果蝇轰,为什么要轻哼薪炎永燃！！,手机游戏,http://i1.hdslb.com/bfs/archive/2925160e99204816d1e1624727ac62d6f048d4d7.jpg,2024-12-04,701021,13029,75613,17764,10716,7180,2294,2024-12-06
113595224428378,4543111,一条视频,一个法国女人独居云南深山14年: 造房、酿酒，过美美的日子,出行,http://i2.hdslb.com/bfs/archive/44525fc6dd1bc22523fb6222af1ae4495958709f.jpg,2024-12-04,281072,652,35323,2366,7456,2766,1328,2024-12-06
113599150297514,568588287,八零彪子,必不得已彪子开始吃“土”,三农,http://i2.hdslb.com/bfs/archive/ae95fbee42fc6bf4ebd5e4accb13bec75a525133.jpg,2024-12-05,278371,393,25320,607,1016,156,640,2024-12-06
113598613426008,26108626,赛雷三分钟,南京，一座野猪来了就不想走的城市,科学科普,http://i2.hdslb.com/bfs/archive/f6f4ccf562a2acf0ec868dcd58716771bc633fee.jpg,2024-12-05,251874,1834,17969,528,1912,1865,2848,2024-12-06
113599888561632,519202392,灰幻,【方舟梗知识51】吹丰机洗衣机是什么梗?提丰vs莱伊终极一战！,手机游戏,http://i2.hdslb.com/bfs/archive/5543aa40c4a366416978e1a2bbfc3bd73d374997.jpg,2024-12-05,147457,971,10630,1422,1859,793,915,2024-12-06
113599200692602,13164144,魔法Zc目录,【明日方舟】“出苍白海”EP-1~8摆完挂机全关卡攻略！操作轻松+语音详解的愉悦攻略！《明日方舟》|魔法Zc目录,手机游戏,http://i2.hdslb.com/bfs/archive/c9432cebc11ca2c22b30f69781ba178b590b9b85.jpg,2024-12-05,254817,415,8018,2171,1289,301,735,2024-12-06
113600257656239,13371339,樗柒ヽ,"引星棘刺＆棘刺 VS 全方舟BOSS,棘刺鲨疯了！【明日方舟】",手机游戏,http://i1.hdslb.com/bfs/archive/95869167e699bbcc27d29e9601806954fed22e80.jpg,2024-12-05,193603,583,8943,879,851,398,687,2024-12-06
113599167077072,8680974,干饭三健客,98元自助牛肉吃到爽，三健客给老板狠狠上一课,美食记录,http://i0.hdslb.com/bfs/archive/fea9b16f153279bc67dcaa2ba3ec6e425bdb9c5e.jpg,2024-12-05,433985,903,22078,3036,1216,1068,635,2024-12-06
113592003337266,454719565,奇闻观察室,令人发指的恶毒 可怕，我只能这么形容了，瓦茨家族血案,人文历史,http://i0.hdslb.com/bfs/archive/cbc6b90f2dd439e7b8bbd14eb05fec4a661902b5.jpg,2024-12-04,636412,5175,22884,3169,7149,661,1129,2024-12-06
113594251348238,70353036,谁家的圆三,关于当网红助理 是什么待遇,搞笑,http://i1.hdslb.com/bfs/archive/4091e2913c966433ec4abdd50b472271f7679f94.jpg,2024-12-04,383645,221,28310,693,1090,386,766,2024-12-06
113599821386107,19286458,陈翔六点半,陈翔六点半：三个男人两杯茶，八卦连连真奇葩,小剧场,http://i1.hdslb.com/bfs/archive/25a0c4213cedcff8c851b7e243200dda916e085f.jpg,2024-12-05,231128,427,15719,1387,658,204,445,2024-12-06
113586902931852,254463269,毕导,【毕导】你有一种连你自己都没意识到的超能力,科学科普,http://i2.hdslb.com/bfs/archive/d23645c56b71b3c5c679ef8cfcc76b7099601054.jpg,2024-12-03,1599236,11736,129788,33081,24918,5624,4900,2024-12-06
113597875231243,456664753,央视新闻,冰冻三尺非一日之“韩”,综合,http://i2.hdslb.com/bfs/archive/6fe8fd76e552f6db22bee824462d24d8f4027097.jpg,2024-12-05,320813,441,21248,553,2168,751,569,2024-12-06
113582658359203,8263502,橙飞一下,奖金10000元！上海巨型拉面挑战，迄今为止最高奖金，能成功吗？,美食侦探,http://i0.hdslb.com/bfs/archive/7195b7ed21f05747095d2469f96558fe06734a9b.jpg,2024-12-02,3772043,8798,132190,46716,14646,11604,6747,2024-12-06
113565277165765,23947287,小约翰可汗,什么故事能让勋宗都绷不住？【硬核狠人75】,人文历史,http://i0.hdslb.com/bfs/archive/913fc45706b48d819510c7d7ed8ddadd76ef4a4f.jpg,2024-12-02,3063475,24006,211194,107036,40786,6434,7782,2024-12-06
113594050026538,604710494,长片短解,让我硬盘永存的爱情片！乐观的人如何面对死亡来临前的爱情，哭的停不下来,影视杂谈,http://i1.hdslb.com/bfs/archive/a28624876f2a5c31ccadc82efacea2b2c3e6f923.jpg,2024-12-04,415550,226,27407,1728,5465,335,370,2024-12-06
113589302271025,23791195,科学透镜,艾滋病疫苗来了，一年两针，几乎100%阻断HIV感染，【科学快报184】,科学科普,http://i2.hdslb.com/bfs/archive/e8057ce5618f7beb01825ba5a8ac14e87fbde55f.jpg,2024-12-03,1123921,2178,31657,1752,11729,13251,7216,2024-12-06
113589973159853,68412710,哇萨比抓马,台剧又出爆款！从群演到影后，她把娱乐圈的大瓜全抖出来了，一口气看完《影后》,影视杂谈,http://i1.hdslb.com/bfs/archive/f3881c5334c4677ccc37b9be7599e39ebb02cf4f.jpg,2024-12-04,267933,1542,8096,2349,5962,627,381,2024-12-06
113595643862664,476491780,SechiAnimation,今日也由我来辅佐您 [蔚蓝档案动画片],同人·手书,http://i1.hdslb.com/bfs/archive/2e1454ba9da5318039c752d0424b9b8b719041e1.jpg,2024-12-05,190848,229,30043,5014,5624,914,619,2024-12-06
113598193992252,452790824,没咋了,2025李林六套卷重点题汇总 没时间就看这个！,校园学习,http://i2.hdslb.com/bfs/archive/76aebf646dc623a84d76633905bc001a8d7a8abf.jpg,2024-12-05,94497,242,4770,4391,7952,464,281,2024-12-06
113595996180752,1819944498,路德薇希,ZywOo也会被田忌赛马么？| 复盘G2对阵Vitality | NiKo vs 载物,电子竞技,http://i1.hdslb.com/bfs/archive/bb8eccc28ffbe595c2c50dd83ee311d1d975d345.jpg,2024-12-05,130244,886,7732,4526,2712,1435,431,2024-12-06
113597724231049,551188239,企鹅带带北极熊,一个一个都想上车是吧，先问爷答不答应！【崩铁实况】,手机游戏,http://i0.hdslb.com/bfs/archive/28087d74b9ac04985cd5f5a9b38fb343a10b5fb9.jpg,2024-12-05,310771,3663,28295,4164,3611,143,1249,2024-12-06
113587943180279,7646527,凶鸭栗,当你的搭子买了双新鞋,同人·手书,http://i1.hdslb.com/bfs/archive/47481687fd9ec4e9abae67ea3708625c0cc34deb.jpg,2024-12-03,757404,364,98576,3192,4360,631,621,2024-12-06
113593630590786,35579222,紫颜-小仙紫,❀桃花旗袍❀ 见之不忘 ，思之如狂,国风舞蹈,http://i2.hdslb.com/bfs/archive/703ce3f86c661b65042939cf6c97a5bea6174acc.jpg,2024-12-04,401419,1373,40847,6300,22924,1675,661,2024-12-06
113599301294945,581695,自在道爷,【出苍白海】EP-1至EP-8挂机流，镀层也不愁！语音快乐详解，轻松解放双手 | 明日方舟攻略(含EP-8镀层，EP-5刻章等),手机游戏,http://i0.hdslb.com/bfs/archive/6d27d99a47f8b5486d1e5c1477e7ff07dade74cf.jpg,2024-12-05,186609,203,4888,3400,1085,90,197,2024-12-06
113592422629864,86205301,汤木檀泽,墓园员工的虚度日常,日常,http://i0.hdslb.com/bfs/archive/e41ca19ec9b3a617bb5d09a922039f867e7b83d5.jpg,2024-12-05,189583,613,22184,2026,1241,317,502,2024-12-06
113562324310474,11131476,绫人太太啊,《只 要 是 日 语 就 画 风 突 变》,搞笑,http://i0.hdslb.com/bfs/archive/6593dbf22128739be47b36057448bd36e0357987.jpg,2024-11-29,2042388,1109,119011,5493,16419,15788,1750,2024-12-06
113565679747572,130636947,塑料叉FOKU,那个曾经不会跳舞的小孩，居然登上了闪闪发光的舞台！,时尚潮流,http://i1.hdslb.com/bfs/archive/23b3e12f05e6a0d5174a76541a65a8da3bc59ef6.jpg,2024-11-30,3616621,2433,203990,15152,40365,2674,1995,2024-12-06
113593630591705,3546378898770447,竖了个三,下饭神剧！一集一案，口碑炸裂，超级烧脑，你能猜到凶手吗？,影视杂谈,http://i0.hdslb.com/bfs/archive/60f277ea721026fd489eb553ef31fd7c00a7fd63.jpg,2024-12-04,333778,1020,14019,10014,5556,622,290,2024-12-06
113600761038631,686127,籽岷,RLCraft 最新Dregora版生存 EP9,单机游戏,http://i2.hdslb.com/bfs/archive/2b81ca24cf3906858613366bbfb386d5a9d66e8e.jpg,2024-12-05,97942,745,22671,11783,2412,222,474,2024-12-06
113594133912811,168598,逍遥散人,【散人】孙美琪疑案：徐大志 闹鬼小区碎尸案,单机游戏,http://i2.hdslb.com/bfs/archive/c91c1eb088008c2d910484405f58ab8d996dc153.jpg,2024-12-05,194470,2250,16713,7493,5409,541,686,2024-12-06
113586668048365,7275647,碧天蓝钻,这是看几遍都没绷住了,鬼畜调教,http://i0.hdslb.com/bfs/archive/50342b4238d173a74c36fd9b8857dd3974ad9fee.jpg,2024-12-03,430599,256,35854,1008,3771,971,516,2024-12-06
113598193994032,50621949,OldBa1,5星4星全进化！30万星石抽空所有衣服池子！【无限暖暖】,手机游戏,http://i0.hdslb.com/bfs/archive/10c9b0368dc59f7607fc933ab58fa649cc49eb57.jpg,2024-12-05,213164,964,7145,1474,861,1201,1526,2024-12-06
113597992669141,18343134,林小北Lindo,云顶明灯：13套T1阵容推荐，融会贯通直上王者！【云顶之弈】【金铲铲之战】,电子竞技,http://i0.hdslb.com/bfs/archive/bb8e0366c5648a905049cfe9b13f06dc5056a3b9.jpg,2024-12-05,219234,68,11182,694,2876,1003,920,2024-12-06
113592741403209,451618887,艺术家阿克曼,老版本诺手的时代，瞬发Q+逆天流血伤害，你是否还记得？,电子竞技,http://i1.hdslb.com/bfs/archive/0f697ce84fc25b6084460903e9892ff86e67b923.jpg,2024-12-04,445831,1467,6968,571,735,874,1875,2024-12-06
113598730869548,353317161,挑爷评美食,东京熊掌，肥肥肥！,美食侦探,http://i2.hdslb.com/bfs/archive/bd2e69d519e152e985aedab407e2b6bb770e6f45.jpg,2024-12-05,173564,282,6194,1079,1014,785,753,2024-12-06
113598009442671,473837611,新华社,周深：我的梦想是用歌声陪伴更多人成长,热点,http://i1.hdslb.com/bfs/archive/ec5e4740be0527706cdfd7b7713dc8bb96e52f02.jpg,2024-12-05,108736,2825,22305,16551,8177,1875,1750,2024-12-06
113592875618134,474213246,王与也行,德玛西亚怒斥诺克萨斯吹牛逼,鬼畜剧场,http://i0.hdslb.com/bfs/archive/3abf1cbd97f3d5178164cdc2db17e661b0321448.jpg,2024-12-04,843636,727,58391,7940,14828,15411,2418,2024-12-06
113598546317090,87670515,神秘园SMY,洞穴探险却被洪水困在地下450米处，波兰大雪洞事件,影视杂谈,http://i0.hdslb.com/bfs/archive/4abf34477e41ca0deda0fb1bdfa73f42030fa623.jpg,2024-12-05,175455,604,7489,751,1936,195,605,2024-12-06
113597858520150,157258960,解密狗,入欧好，入欧妙，格鲁吉亚唱反调,财经商业,http://i1.hdslb.com/bfs/archive/04d925511e6ac6058b5d74d5f2b92ce464c9a393.jpg,2024-12-05,185692,692,12750,1916,1149,96,568,2024-12-06
113593429264716,250858633,华农兄弟,华农兄弟：上山挖笋，遇到只白竹鼠，顺便挖点五指毛桃,动物综合,http://i2.hdslb.com/bfs/archive/5d3eff379ee1651df4b09d31b8a4d6dec45fcd54.jpg,2024-12-05,314899,913,23961,2189,1073,291,680,2024-12-06
113599519396881,12073864,-碱式碳酸咸鱼-,引星棘刺的入职测试！【明日方舟】,手机游戏,http://i0.hdslb.com/bfs/archive/a7cca189b0f7171ec570279a900f3f962b8039e9.jpg,2024-12-05,682243,441,27131,1582,2206,7584,2970,2024-12-06
113595190872356,18154819,极速拍档-小乔,第一次开600万的电动车,汽车生活,http://i2.hdslb.com/bfs/archive/b3884de143c5d7fbe89e9d59611c9cdb48048db2.jpg,2024-12-05,302662,1222,10093,1568,1160,499,749,2024-12-06
113598965747669,22614130,纳西芙的奇幻历险,《欢愉酒馆》开拓者：妈妈！我被假面愚者包围了！【崩铁动画】,MMD·3D,http://i1.hdslb.com/bfs/archive/59823ab0b0ab7e21a29795a103fb1eb67df56d8a.jpg,2024-12-05,206764,70,16118,723,5066,2099,258,2024-12-06
113589973162953,14110780,凉风Kaze,中山！修路的神！我偏要去看看！没想到被本地妹子支配了一整天！,出行,http://i0.hdslb.com/bfs/archive/b1eaa467f36b400122009d27d7fbcdbaef163efb.jpg,2024-12-04,401177,1407,25846,2672,1808,1818,1816,2024-12-06
113600257656036,80552818,哦哟晴OYO,又被绑架的死宅大小姐！,同人·手书,http://i1.hdslb.com/bfs/archive/a7135018d307cdfd4ce898169491278904767398.jpg,2024-12-05,67595,1807,12428,10333,4148,337,660,2024-12-06
113594100353376,4140446,灯影刘肉丝,唐探系列最成功作品，变格推理，爆笑悬疑，深度解析宋义背后的故事——唐人街探案2,影视杂谈,http://i1.hdslb.com/bfs/archive/58d7c753bb0200d4573a56400a55f584da024b1c.jpg,2024-12-04,603248,2047,13526,4181,15167,252,380,2024-12-06
113598714092765,290526283,美食作家王刚R,厨师长教你：“专业版老油辣子鸡”麻辣鲜香、色泽红亮、外焦里嫩,美食制作,http://i1.hdslb.com/bfs/archive/a93f5152386605f2a5f18a07ae91773a88904cce.jpg,2024-12-05,241283,575,16179,1642,2317,642,527,2024-12-06
113596214280806,96491547,不如叫白亦好了,爆肝40小时出新手村？！童年爆肝的贪婪洞窟现在变成什么样了？？,单机游戏,http://i2.hdslb.com/bfs/archive/afc7be315ac3a4adb18b32b9aa337fc02d0b2307.jpg,2024-12-05,202749,101,17422,8871,1828,116,253,2024-12-06
113586634557544,1654042101,唯美风景线,“世界这么宽广，别走进了悲伤的角落~”,出行,http://i1.hdslb.com/bfs/archive/61462c1f112e42a66f59f9e7a5e63751a04d7393.jpg,2024-12-03,676921,238,41867,8857,59964,3067,438,2024-12-06
113594402348474,3461564868856588,鑫哥影响一代人台球,小橘子今天太淘气了,竞技体育,http://i1.hdslb.com/bfs/archive/040dfeba6267e974df0de1e08e1dafce4525c198.jpg,2024-12-04,178005,274,23449,1338,1701,690,270,2024-12-06
113598831533581,1282271864,自由魂儿儿儿,快问我为什么在列车浴室唱Moon Halo,手机游戏,http://i2.hdslb.com/bfs/archive/e25f4755a1a87bb804a99de871813584a92d0a20.jpg,2024-12-05,173205,902,15206,4196,1975,497,437,2024-12-06
113592758175680,410675812,韩波格_,《他是谁啊》,搞笑,http://i1.hdslb.com/bfs/archive/15f2a4f56cb955d8ed36f4b3f8dec4557fefe36b.jpg,2024-12-04,1178681,210,96169,982,11116,3161,1301,2024-12-06
113599452287249,27899754,贪玩歌姬小宁子,【首发评测】AR头显最大升级！XREAL ONE 接近理想的形态,数码,http://i1.hdslb.com/bfs/archive/bcef170deb7ac01443a48038afe321872c67622a.jpg,2024-12-05,229737,287,12371,3269,4196,866,322,2024-12-06
113588026999362,39392104,食影双修,祖传三代做伪钞，都卖给谁了？电影《无双》里的隐藏信息。P1,影视杂谈,http://i0.hdslb.com/bfs/archive/35a5b7c1830600bdaf90706fae2063e58fb6149e.jpg,2024-12-04,416019,1995,18927,11299,4708,418,1064,2024-12-06
113593748033426,373388923,脱缰凯Kk,马一回归 正式对线,小剧场,http://i2.hdslb.com/bfs/archive/b2cadabf56dc21893ba576d8cd44adb78d3b7501.jpg,2024-12-04,987029,1466,88808,4482,7333,850,3244,2024-12-06
113593395708399,1753715431,狗子快乐屋,⚡一群人吓自己⚡,鬼畜剧场,http://i2.hdslb.com/bfs/archive/ed72f6f6ffd290feee3e58da526a972ee6e29ae3.jpg,2024-12-04,442783,856,23690,1095,5209,8196,1058,2024-12-06
113593798430974,2435767,四月是我的生日,2024年最大的小丑出现了！尹锡悦和他的“第六共和国”【列国志54】,人文历史,http://i0.hdslb.com/bfs/archive/092d29f4304ab70a2cdb04b9483c6650bccd53f0.jpg,2024-12-04,522604,2508,15939,955,3201,1117,1118,2024-12-06
113597841671787,1447856320,大宇但不治水,泰迪求人喜当爹！恶搞贱片《泰迪熊2》狂搞不息，爆笑不止,影视杂谈,http://i1.hdslb.com/bfs/archive/928242ff824ac10470dfa989ee8cdafa3cc073bf.jpg,2024-12-05,172261,609,3549,549,775,51,170,2024-12-06
113593563553443,1839002753,鹿火CAVY,“太好了 是艾斯奥特曼！我们有救了！”,翻唱,http://i2.hdslb.com/bfs/archive/105573d5731b8cffd8453d4a65cb3084ea3f7bf7.jpg,2024-12-05,306221,155,17015,3348,3761,655,767,2024-12-06
113595996178348,37754047,咻咻满,“你们都是对的，他说拜托让开一下！”超燃演唱周深《借过一下》,翻唱,http://i0.hdslb.com/bfs/archive/c397ae68fb034e8a79b0af609e8feafce8eafa51.jpg,2024-12-05,168603,618,14112,8653,3834,615,835,2024-12-06
113584587669942,25150941,极速拍档,"""飞驰人生"" 真还是假? 我跑一次试试...",汽车生活,http://i2.hdslb.com/bfs/archive/cd961b29336d08d7456c59c636ed2601f6ce13bd.jpg,2024-12-03,1346951,9813,81260,61982,16210,4570,3107,2024-12-06
113595190942809,547072854,中气爱,特大暴雪无效！11月均温再创历史新高，下一次特大暴雪何时来,科学科普,http://i1.hdslb.com/bfs/archive/61f3c0210d95a71f7d0910d3ef954ccaa6f4b520.jpg,2024-12-04,521181,1942,29891,1720,1280,1120,3436,2024-12-06
113587943119405,14615865,是玉木呀,我把开车时那些气吐血的瞬间做成了动画！！,设计·创意,http://i0.hdslb.com/bfs/archive/b75f6aba872910e5c4cbdfafb271fe6e90cadea0.jpg,2024-12-03,267776,447,25335,3051,5515,3449,752,2024-12-06
113596734380558,2034448870,非洲小五,新媳妇露面啦！木头头婚礼正式举行，整个部落起舞欢庆，太幸福了,日常,http://i2.hdslb.com/bfs/archive/527dfe6e44402625b19fc9f30ac88daf9724297b.jpg,2024-12-05,271338,1769,16085,10852,824,204,1026,2024-12-06
113578329768280,234338443,陈近南金闪闪,【陈近南金闪闪】diss周密,原创音乐,http://i1.hdslb.com/bfs/archive/dd8c8d7b650df6bccc87f73ed544354fd665a79f.jpg,2024-12-01,1303531,3267,173951,132901,25557,17454,6149,2024-12-06
113573128832440,310864224,NANGE_dada,【刮擦全息】这种效果是怎么纯手绘做出来的，一个视频教会你,极客DIY,http://i1.hdslb.com/bfs/archive/c69eea230f5a8eeb333ee3a61ff8400d0696a68c.jpg,2024-11-30,1449346,777,199982,55803,132037,8882,2771,2024-12-06
113583950272352,34577979,小奇y,当男朋友来见家长时,鬼畜剧场,http://i1.hdslb.com/bfs/archive/041617496d8345a497baa329f34a039727f50450.jpg,2024-12-02,1078029,335,155499,1741,24990,10779,1264,2024-12-06
113593865474252,654552,圆桌动漫,穿越成了千金大小姐，可女主带着重生的记忆和我杠上了【超长电影版】,同人·手书,http://i0.hdslb.com/bfs/archive/5b8bb8d88fa20ee0d0e22b70d5a0b14275b0852f.jpg,2024-12-04,783314,2821,20925,8081,69842,461,651,2024-12-06
113598294656775,1588646945,巴老师的小号,一次外向换来一辈子内向,日常,http://i1.hdslb.com/bfs/archive/ea194bfb56cb9ffff8a04e6d544a0e435f1a04dd.jpg,2024-12-05,190262,1388,18160,5486,2856,900,799,2024-12-06
113598076621091,383232993,蜡笔小叽是养生女孩,《紫啧吓自己》,搞笑,http://i1.hdslb.com/bfs/archive/ff9e9fc6e9f03fb9e5912a6ea3036f3307f1dca5.jpg,2024-12-05,237490,404,37871,3575,3344,4311,673,2024-12-06
113588060621539,129240403,燃茶哥哥在此,神仙打架！一口气看完2006-2024年的独立游戏神作（上）,单机游戏,http://i2.hdslb.com/bfs/archive/0adf80eaec2bcf7527e626f71551ffa5c241805e.jpg,2024-12-03,242870,834,7937,1598,7488,538,588,2024-12-06
113599200632525,403637371,老飞宇66,【老鼠人行动】航天基地（绝密）???w→575w,网络游戏,http://i1.hdslb.com/bfs/archive/93307bce47866a4d58b2feb49be936e7d27ba032.jpg,2024-12-05,197269,360,10053,615,854,269,921,2024-12-06
113593227943135,651039864,暴躁的仙人JUMP,【JUMP】为了女儿可以有多拼？,财经商业,http://i2.hdslb.com/bfs/archive/91ce317a2eece9f2aeeb948e4976c625b88f68e6.jpg,2024-12-04,431456,270,10280,640,1883,584,877,2024-12-06
113583849539645,2528735,黑手文和,"蠢货,重要的是责任!冰汽时代2最高难度全难民剧情实况",单机游戏,http://i2.hdslb.com/bfs/archive/296bbde2256e8d5844615de2cc090522bc808803.jpg,2024-12-02,382802,654,32726,31593,19499,3656,1474,2024-12-06
113589318846920,431579907,一根华仔,我乃大专巅峰！,鬼畜剧场,http://i2.hdslb.com/bfs/archive/eca233af6ebc65fd5d7c6a2536c245bdea488d2f.jpg,2024-12-04,870326,222,94852,7448,16371,16680,2388,2024-12-06
113594284966442,3493265644980448,蔚蓝档案,《蔚蓝档案》【与你的独家记忆】完美女仆手作,综合,http://i0.hdslb.com/bfs/archive/5303b4dc19d5aeb9670d08fa59895b551b1a1811.jpg,2024-12-05,167188,340,17014,4538,7220,2947,878,2024-12-06
113598512828288,217965805,吃橙子不吐程子皮,第六十一集 明明是我预见了未来,同人·手书,http://i2.hdslb.com/bfs/archive/c24f4a5feeec4ff1e0443ee34f15f2d505fced54.jpg,2024-12-05,174160,712,16667,5077,3582,196,549,2024-12-06
113595811693870,1423403343,炭猫meme日记,当你连续吃同一家店很久…,动物二创,http://i1.hdslb.com/bfs/archive/691bd71bbac9830afbca1908cc3604f94af086a1.jpg,2024-12-04,587078,122,78460,1785,7011,248,982,2024-12-06
113588614203225,1131457022,人民日报,别划走，静静等待9秒……,热点,http://i0.hdslb.com/bfs/archive/cc582eb54c3e1633337e1ab8cec9c08bdd8649be.jpg,2024-12-03,2851495,663,178355,1962,2970,557,1819,2024-12-06
113594452677075,1809567655,何大爷课堂,要达到这个效果，你得有两条右腿！,人文历史,http://i0.hdslb.com/bfs/archive/adef8875a913f2841705af0d81c1d6a62ef76f8d.jpg,2024-12-04,747100,114,45051,685,2875,250,582,2024-12-06
113594133906914,7349,STN工作室,【STN慢报】在TGA评委大换血后，年度游戏会是黑猴的吗？,单机游戏,http://i1.hdslb.com/bfs/archive/4a8af5462ff034739a6fad33c925146b8289b943.jpg,2024-12-04,535713,2346,36933,15012,4896,766,3742,2024-12-06
113598831532948,245069296,迷影区间,【万字拆解】重温经典，虫海遨游！《星河战队》下，一窥影片背后你当年错过的——人虫大战永不过时！,影视杂谈,http://i1.hdslb.com/bfs/archive/b0b57ad61ec71b1fb5ccccdac5c04ff0aca2f9f3.jpg,2024-12-05,193277,4357,10280,3543,2535,151,613,2024-12-06
113598563094730,302299393,张志浩在剥柚,看琼瑶不是黑历史！“恋爱脑”也是来时路！,人文历史,http://i2.hdslb.com/bfs/archive/edc9a1242051ef56f70d3d023c61d5a609ee07c3.jpg,2024-12-05,163978,1770,7199,1777,2421,483,1119,2024-12-06
113593462823585,2119811581,峡谷混学家,队友不争气，混子当自强,电子竞技,http://i2.hdslb.com/bfs/archive/56c0ce631645276a15553ec241555a40e1695f52.jpg,2024-12-04,568398,1154,49382,10829,2012,301,691,2024-12-06
113594737892918,397490386,肝帝董佳宁,首尔之冬：韩国总统尹锡悦抽象戒严被扑灭,社科·法律·心理,http://i2.hdslb.com/bfs/archive/16eb1a6ec419d6c1ecae2b8a53657d9eb6c313e9.jpg,2024-12-04,455061,3761,21655,1498,2605,858,897,2024-12-06
113593144052003,525952604,柯洁,《围棋少年柯洁的一天》,桌游棋牌,http://i1.hdslb.com/bfs/archive/01bdc4fb927466e00e9821f21109427f9fda1898.jpg,2024-12-04,524197,8623,57286,3866,2062,3900,2039,2024-12-06
113582440189767,404761607,大牙考研,全网最强史纲速记顺口溜，14句话背完史纲重要会议！,校园学习,http://i0.hdslb.com/bfs/archive/a18ff3f988e0fb5b13c096543630d17a67b38d00.jpg,2024-12-02,313598,1591,31685,32276,26583,3050,594,2024-12-06
113593529933404,154113956,日向源,曾经引爆全球的《CSOL》如今竟变成这样了.....,网络游戏,http://i1.hdslb.com/bfs/archive/729add386b49481b0a374834811b8ba7464cedda.jpg,2024-12-04,306272,848,33987,2624,3384,276,667,2024-12-06
113593093724820,3334179,我的样子平平无奇,评论区：这金钱肚你吃不明白，建议发来,美食制作,http://i2.hdslb.com/bfs/archive/890c8bdac3f100a4f80bce323c234eb6cb8605a0.jpg,2024-12-04,394885,435,28227,12261,4474,1145,574,2024-12-06
