排名,标题,链接,热点
1,百花奖闭幕式,https://s.weibo.com/weibo?q=%23%E4%B8%80%E8%AF%BA%E5%8D%83%E9%87%91%E7%AC%83%E8%A1%8C%E8%87%B4%E8%BF%9C%23&Refer=new_time,盛典 12218865
2,白海豚突然大拐弯,https://s.weibo.com/weibo?q=%E7%99%BE%E8%8A%B1%E5%A5%96%E9%97%AD%E5%B9%95%E5%BC%8F&t=31&band_rank=1&Refer=top, 2253628
3,深圳向世界展示中国开放活力,https://s.weibo.com/weibo?q=%23%E7%99%BD%E6%B5%B7%E8%B1%9A%E7%AA%81%E7%84%B6%E5%A4%A7%E6%8B%90%E5%BC%AF%23&t=31&band_rank=2&Refer=top, 1794257
4,百花奖,https://s.weibo.com/weibo?q=%23%E6%B7%B1%E5%9C%B3%E5%90%91%E4%B8%96%E7%95%8C%E5%B1%95%E7%A4%BA%E4%B8%AD%E5%9B%BD%E5%BC%80%E6%94%BE%E6%B4%BB%E5%8A%9B%23&t=31&band_rank=3&Refer=top,盛典 1544782
5,萨日娜最佳女配,https://s.weibo.com/weibo?q=%E7%99%BE%E8%8A%B1%E5%A5%96&t=31&band_rank=4&Refer=top,盛典 1504813
6,原来这才是金项链的正确戴法,https://s.weibo.com/weibo?q=%23%E8%90%A8%E6%97%A5%E5%A8%9C%E6%9C%80%E4%BD%B3%E5%A5%B3%E9%85%8D%23&t=31&band_rank=5&Refer=top, 1135483
7,世界小姐雅典娜确认遇害细节公开,https://s.weibo.com/weibo?q=%E5%8E%9F%E6%9D%A5%E8%BF%99%E6%89%8D%E6%98%AF%E9%87%91%E9%A1%B9%E9%93%BE%E7%9A%84%E6%AD%A3%E7%A1%AE%E6%88%B4%E6%B3%95&t=31&band_rank=6&Refer=top, 1123370
8,王骁百花奖最佳男配,https://s.weibo.com/weibo?q=%23%E4%B8%96%E7%95%8C%E5%B0%8F%E5%A7%90%E9%9B%85%E5%85%B8%E5%A8%9C%E7%A1%AE%E8%AE%A4%E9%81%87%E5%AE%B3%E7%BB%86%E8%8A%82%E5%85%AC%E5%BC%80%23&t=31&band_rank=7&Refer=top,盛典 1116766
9,河南大暴雨特大暴雨,https://s.weibo.com/weibo?q=%23%E7%8E%8B%E9%AA%81%E7%99%BE%E8%8A%B1%E5%A5%96%E6%9C%80%E4%BD%B3%E7%94%B7%E9%85%8D%23&t=31&band_rank=8&Refer=top, 1000025
10,无畏向吴老狗请教驯兽秘籍,https://s.weibo.com/weibo?q=%23%E6%B2%B3%E5%8D%97%E5%A4%A7%E6%9A%B4%E9%9B%A8%E7%89%B9%E5%A4%A7%E6%9A%B4%E9%9B%A8%23&t=31&band_rank=9&Refer=top, 985190
11,刘耀文大C位,https://s.weibo.com/weibo?q=%E6%97%A0%E7%95%8F%E5%90%91%E5%90%B4%E8%80%81%E7%8B%97%E8%AF%B7%E6%95%99%E9%A9%AF%E5%85%BD%E7%A7%98%E7%B1%8D&t=31&band_rank=10&Refer=top,盛典 962909
12,杨幂现场换发型了,https://s.weibo.com/weibo?q=%23%E5%88%98%E8%80%80%E6%96%87%E5%A4%A7C%E4%BD%8D%23&t=31&band_rank=11&Refer=top, 944441
13,泰国 电诈园区,https://s.weibo.com/weibo?q=%E6%9D%A8%E5%B9%82%E7%8E%B0%E5%9C%BA%E6%8D%A2%E5%8F%91%E5%9E%8B%E4%BA%86&t=31&band_rank=12&Refer=top, 941299
14,百花奖内场座位图,https://s.weibo.com/weibo?q=%E6%B3%B0%E5%9B%BD%20%E7%94%B5%E8%AF%88%E5%9B%AD%E5%8C%BA&t=31&band_rank=13&Refer=top,盛典 925453
15,演员秦焰去世,https://s.weibo.com/weibo?q=%23%E7%99%BE%E8%8A%B1%E5%A5%96%E5%86%85%E5%9C%BA%E5%BA%A7%E4%BD%8D%E5%9B%BE%23&t=31&band_rank=14&Refer=top, 893627
16,白海豚 洗衣凝珠视角,https://s.weibo.com/weibo?q=%23%E6%BC%94%E5%91%98%E7%A7%A6%E7%84%B0%E5%8E%BB%E4%B8%96%23&t=31&band_rank=15&Refer=top, 841547
17,ai漫剧顶流已经出了8季了,https://s.weibo.com/weibo?q=%E7%99%BD%E6%B5%B7%E8%B1%9A%20%E6%B4%97%E8%A1%A3%E5%87%9D%E7%8F%A0%E8%A7%86%E8%A7%92&t=31&band_rank=16&Refer=top, 805225
18,女演员炒股亏70万靠年迈母亲接济,https://s.weibo.com/weibo?q=%23ai%E6%BC%AB%E5%89%A7%E9%A1%B6%E6%B5%81%E5%B7%B2%E7%BB%8F%E5%87%BA%E4%BA%868%E5%AD%A3%E4%BA%86%23&t=31&band_rank=17&Refer=top, 767256
19,李昀锐首次演讲,https://s.weibo.com/weibo?q=%23%E5%A5%B3%E6%BC%94%E5%91%98%E7%82%92%E8%82%A1%E4%BA%8F70%E4%B8%87%E9%9D%A0%E5%B9%B4%E8%BF%88%E6%AF%8D%E4%BA%B2%E6%8E%A5%E6%B5%8E%23&t=31&band_rank=18&Refer=top, 740308
20,胚胎案妻子回应中山医院试管新规,https://s.weibo.com/weibo?q=%23%E6%9D%8E%E6%98%80%E9%94%90%E9%A6%96%E6%AC%A1%E6%BC%94%E8%AE%B2%23&t=31&band_rank=19&Refer=top, 691348
21,百花奖节目单,https://s.weibo.com/weibo?q=%23%E8%83%9A%E8%83%8E%E6%A1%88%E5%A6%BB%E5%AD%90%E5%9B%9E%E5%BA%94%E4%B8%AD%E5%B1%B1%E5%8C%BB%E9%99%A2%E8%AF%95%E7%AE%A1%E6%96%B0%E8%A7%84%23&t=31&band_rank=20&Refer=top,盛典 682789
22,易烊千玺用床单当桌布,https://s.weibo.com/weibo?q=%E7%99%BE%E8%8A%B1%E5%A5%96%E8%8A%82%E7%9B%AE%E5%8D%95&t=31&band_rank=21&Refer=top, 664810
23,KPL邂逅法式山海浪漫,https://s.weibo.com/weibo?q=%23%E6%98%93%E7%83%8A%E5%8D%83%E7%8E%BA%E7%94%A8%E5%BA%8A%E5%8D%95%E5%BD%93%E6%A1%8C%E5%B8%83%23&t=31&band_rank=22&Refer=top, 632338
24,杨幂 生图即神图,https://s.weibo.com/weibo?q=%23KPL%E9%82%82%E9%80%85%E6%B3%95%E5%BC%8F%E5%B1%B1%E6%B5%B7%E6%B5%AA%E6%BC%AB%23&t=31&band_rank=23&Refer=top, 631148
25,百花奖造型出图,https://s.weibo.com/weibo?q=%E6%9D%A8%E5%B9%82%20%E7%94%9F%E5%9B%BE%E5%8D%B3%E7%A5%9E%E5%9B%BE&t=31&band_rank=24&Refer=top,盛典 531969
26,女孩南太行失联14天后遗体被找到,https://s.weibo.com/weibo?q=%E7%99%BE%E8%8A%B1%E5%A5%96%E9%80%A0%E5%9E%8B%E5%87%BA%E5%9B%BE&t=31&band_rank=25&Refer=top, 506236
27,14元麻辣烫自助男子夹出半人高菜球,https://s.weibo.com/weibo?q=%23%E5%A5%B3%E5%AD%A9%E5%8D%97%E5%A4%AA%E8%A1%8C%E5%A4%B1%E8%81%9414%E5%A4%A9%E5%90%8E%E9%81%97%E4%BD%93%E8%A2%AB%E6%89%BE%E5%88%B0%23&t=31&band_rank=26&Refer=top, 502086
28,中国黑科技圈粉老外,https://s.weibo.com/weibo?q=%2314%E5%85%83%E9%BA%BB%E8%BE%A3%E7%83%AB%E8%87%AA%E5%8A%A9%E7%94%B7%E5%AD%90%E5%A4%B9%E5%87%BA%E5%8D%8A%E4%BA%BA%E9%AB%98%E8%8F%9C%E7%90%83%23&t=31&band_rank=27&Refer=top, 502084
29,百花奖闭幕式节目单,https://s.weibo.com/weibo?q=%23%E4%B8%AD%E5%9B%BD%E9%BB%91%E7%A7%91%E6%8A%80%E5%9C%88%E7%B2%89%E8%80%81%E5%A4%96%23&t=31&band_rank=28&Refer=top,盛典 502083
30,韩国女性怒斥AA制结婚,https://s.weibo.com/weibo?q=%E7%99%BE%E8%8A%B1%E5%A5%96%E9%97%AD%E5%B9%95%E5%BC%8F%E8%8A%82%E7%9B%AE%E5%8D%95&t=31&band_rank=29&Refer=top, 501687
31,张凌赫紫色头发,https://s.weibo.com/weibo?q=%23%E9%9F%A9%E5%9B%BD%E5%A5%B3%E6%80%A7%E6%80%92%E6%96%A5AA%E5%88%B6%E7%BB%93%E5%A9%9A%23&t=31&band_rank=30&Refer=top, 501396
32,泰国被接机女生疑遭带走,https://s.weibo.com/weibo?q=%23%E5%BC%A0%E5%87%8C%E8%B5%AB%E7%B4%AB%E8%89%B2%E5%A4%B4%E5%8F%91%23&t=31&band_rank=31&Refer=top, 500274
33,易烊千玺身上没有展示位了,https://s.weibo.com/weibo?q=%E6%B3%B0%E5%9B%BD%E8%A2%AB%E6%8E%A5%E6%9C%BA%E5%A5%B3%E7%94%9F%E7%96%91%E9%81%AD%E5%B8%A6%E8%B5%B0&t=31&band_rank=32&Refer=top,盛典 461177
34,经常旅游的人都有一个共性,https://s.weibo.com/weibo?q=%23%E6%98%93%E7%83%8A%E5%8D%83%E7%8E%BA%E8%BA%AB%E4%B8%8A%E6%B2%A1%E6%9C%89%E5%B1%95%E7%A4%BA%E4%BD%8D%E4%BA%86%23&t=31&band_rank=33&Refer=top, 442909
35,寿司郎误将已付款顾客当逃单报警,https://s.weibo.com/weibo?q=%E7%BB%8F%E5%B8%B8%E6%97%85%E6%B8%B8%E7%9A%84%E4%BA%BA%E9%83%BD%E6%9C%89%E4%B8%80%E4%B8%AA%E5%85%B1%E6%80%A7&t=31&band_rank=34&Refer=top, 358304
36,百花奖闭幕式嘉宾阵容,https://s.weibo.com/weibo?q=%23%E5%AF%BF%E5%8F%B8%E9%83%8E%E8%AF%AF%E5%B0%86%E5%B7%B2%E4%BB%98%E6%AC%BE%E9%A1%BE%E5%AE%A2%E5%BD%93%E9%80%83%E5%8D%95%E6%8A%A5%E8%AD%A6%23&t=31&band_rank=35&Refer=top,盛典 349766
37,泰国旅游 失联,https://s.weibo.com/weibo?q=%23%E7%99%BE%E8%8A%B1%E5%A5%96%E9%97%AD%E5%B9%95%E5%BC%8F%E5%98%89%E5%AE%BE%E9%98%B5%E5%AE%B9%23&t=31&band_rank=36&Refer=top, 337273
38,林志玲4岁儿子正脸,https://s.weibo.com/weibo?q=%E6%B3%B0%E5%9B%BD%E6%97%85%E6%B8%B8%20%E5%A4%B1%E8%81%94&t=31&band_rank=37&Refer=top, 333877
39,王楚然长文告别任素素,https://s.weibo.com/weibo?q=%23%E6%9E%97%E5%BF%97%E7%8E%B24%E5%B2%81%E5%84%BF%E5%AD%90%E6%AD%A3%E8%84%B8%23&t=31&band_rank=38&Refer=top,剧集 331505
40,长江十年行,https://s.weibo.com/weibo?q=%23%E7%8E%8B%E6%A5%9A%E7%84%B6%E9%95%BF%E6%96%87%E5%91%8A%E5%88%AB%E4%BB%BB%E7%B4%A0%E7%B4%A0%23&t=31&band_rank=39&Refer=top, 331469
41,男子酒后与女子亲密猝死家属索赔被驳,https://s.weibo.com/weibo?q=%23%E9%95%BF%E6%B1%9F%E5%8D%81%E5%B9%B4%E8%A1%8C%23&t=31&band_rank=40&Refer=top, 331466
42,原来90后这么小众,https://s.weibo.com/weibo?q=%23%E7%94%B7%E5%AD%90%E9%85%92%E5%90%8E%E4%B8%8E%E5%A5%B3%E5%AD%90%E4%BA%B2%E5%AF%86%E7%8C%9D%E6%AD%BB%E5%AE%B6%E5%B1%9E%E7%B4%A2%E8%B5%94%E8%A2%AB%E9%A9%B3%23&t=31&band_rank=41&Refer=top, 331465
43,果然金饰样式还是复古的好,https://s.weibo.com/weibo?q=%E5%8E%9F%E6%9D%A590%E5%90%8E%E8%BF%99%E4%B9%88%E5%B0%8F%E4%BC%97&t=31&band_rank=42&Refer=top, 322449
44,偶像来了 重启回归,https://s.weibo.com/weibo?q=%E6%9E%9C%E7%84%B6%E9%87%91%E9%A5%B0%E6%A0%B7%E5%BC%8F%E8%BF%98%E6%98%AF%E5%A4%8D%E5%8F%A4%E7%9A%84%E5%A5%BD&t=31&band_rank=43&Refer=top,综艺 291862
45,炸鸡店爆单 店员呼吸性碱中毒,https://s.weibo.com/weibo?q=%E5%81%B6%E5%83%8F%E6%9D%A5%E4%BA%86%20%E9%87%8D%E5%90%AF%E5%9B%9E%E5%BD%92&t=31&band_rank=44&Refer=top, 278765
46,网红雅典娜遇害细节曝光,https://s.weibo.com/weibo?q=%E7%82%B8%E9%B8%A1%E5%BA%97%E7%88%86%E5%8D%95%20%E5%BA%97%E5%91%98%E5%91%BC%E5%90%B8%E6%80%A7%E7%A2%B1%E4%B8%AD%E6%AF%92&t=31&band_rank=45&Refer=top, 278559
47,Bin与圣枪哥将有一人无缘enc,https://s.weibo.com/weibo?q=%23%E7%BD%91%E7%BA%A2%E9%9B%85%E5%85%B8%E5%A8%9C%E9%81%87%E5%AE%B3%E7%BB%86%E8%8A%82%E6%9B%9D%E5%85%89%23&t=31&band_rank=46&Refer=top, 277755
48,原来ChatGPT用户才八百万,https://s.weibo.com/weibo?q=%23Bin%E4%B8%8E%E5%9C%A3%E6%9E%AA%E5%93%A5%E5%B0%86%E6%9C%89%E4%B8%80%E4%BA%BA%E6%97%A0%E7%BC%98enc%23&t=31&band_rank=47&Refer=top, 277652
49,宇树申购 中一签有望赚20万元,https://s.weibo.com/weibo?q=%E5%8E%9F%E6%9D%A5ChatGPT%E7%94%A8%E6%88%B7%E6%89%8D%E5%85%AB%E7%99%BE%E4%B8%87&t=31&band_rank=48&Refer=top, 277113
50,银行行长套取2100多万养豪宅买奢品,https://s.weibo.com/weibo?q=%E5%AE%87%E6%A0%91%E7%94%B3%E8%B4%AD%20%E4%B8%AD%E4%B8%80%E7%AD%BE%E6%9C%89%E6%9C%9B%E8%B5%9A20%E4%B8%87%E5%85%83&t=31&band_rank=49&Refer=top, 276639
